Date,Firm,To Grade,From Grade,Action,ABV
2021-10-07,HC Wainwright & Co.,Buy,,init,LTRN
2021-11-02,HC Wainwright & Co.,Buy,,main,LTRN
