Date,Open,High,Low,Close,Volume,Dividends,Stock Splits
2013-05-23,13.5,14.649999618530273,13.260000228881836,14.529999732971191,9415900,0,0
2013-05-24,14.9399995803833,15.0,14.699999809265137,14.819999694824219,2020500,0,0
2013-05-28,14.869999885559082,15.149999618530273,14.829999923706055,14.850000381469727,1747500,0,0
2013-05-29,14.84000015258789,14.979999542236328,14.600000381469727,14.630000114440918,462000,0,0
2013-05-30,14.739999771118164,14.819999694824219,14.649999618530273,14.779999732971191,556900,0,0
2013-05-31,14.699999809265137,14.850000381469727,14.699999809265137,14.699999809265137,414300,0,0
2013-06-03,14.899999618530273,15.180000305175781,14.720000267028809,15.010000228881836,558900,0,0
2013-06-04,15.010000228881836,15.640000343322754,14.949999809265137,15.0600004196167,580500,0,0
2013-06-05,15.0,15.09000015258789,14.899999618530273,14.979999542236328,261300,0,0
2013-06-06,14.949999809265137,15.100000381469727,14.930000305175781,14.949999809265137,128500,0,0
2013-06-07,14.979999542236328,15.15999984741211,14.979999542236328,15.039999961853027,188400,0,0
2013-06-10,15.0,15.170000076293945,14.960000038146973,15.109999656677246,227400,0,0
2013-06-11,14.920000076293945,15.09000015258789,14.75,14.819999694824219,575500,0,0
2013-06-12,14.989999771118164,15.09000015258789,14.819999694824219,14.880000114440918,227300,0,0
2013-06-13,14.949999809265137,15.020000457763672,14.899999618530273,14.949999809265137,173400,0,0
2013-06-14,14.949999809265137,15.149999618530273,14.9399995803833,15.149999618530273,344800,0,0
2013-06-17,15.260000228881836,15.260000228881836,14.949999809265137,15.029999732971191,315000,0,0
2013-06-18,15.0,15.25,15.0,15.210000038146973,229300,0,0
2013-06-19,15.210000038146973,15.619999885559082,15.130000114440918,15.430000305175781,308600,0,0
2013-06-20,15.229999542236328,15.600000381469727,15.15999984741211,15.460000038146973,565000,0,0
2013-06-21,15.539999961853027,15.539999961853027,15.260000228881836,15.319999694824219,292600,0,0
2013-06-24,15.199999809265137,15.350000381469727,14.779999732971191,15.149999618530273,470800,0,0
2013-06-25,15.260000228881836,15.260000228881836,14.930000305175781,14.979999542236328,675600,0,0
2013-06-26,15.069999694824219,15.260000228881836,14.9399995803833,15.100000381469727,402300,0,0
2013-06-27,15.180000305175781,16.0,15.09000015258789,15.880000114440918,360200,0,0
2013-06-28,15.90999984741211,16.469999313354492,15.729999542236328,16.149999618530273,371200,0,0
2013-07-01,16.239999771118164,16.809999465942383,16.1299991607666,16.25,354800,0,0
2013-07-02,16.399999618530273,16.59000015258789,15.75,15.859999656677246,399000,0,0
2013-07-03,15.760000228881836,16.280000686645508,15.760000228881836,16.18000030517578,29800,0,0
2013-07-05,16.299999237060547,16.31999969482422,16.040000915527344,16.31999969482422,40400,0,0
2013-07-08,16.43000030517578,16.649999618530273,16.399999618530273,16.540000915527344,254400,0,0
2013-07-09,16.68000030517578,16.850000381469727,16.299999237060547,16.3700008392334,129900,0,0
2013-07-10,16.43000030517578,16.84000015258789,16.389999389648438,16.829999923706055,208200,0,0
2013-07-11,17.09000015258789,17.690000534057617,16.989999771118164,17.190000534057617,449700,0,0
2013-07-12,17.1299991607666,17.219999313354492,16.520000457763672,17.010000228881836,177700,0,0
2013-07-15,16.989999771118164,17.110000610351562,16.850000381469727,17.100000381469727,18400,0,0
2013-07-16,17.15999984741211,17.6299991607666,16.860000610351562,17.18000030517578,224500,0,0
2013-07-17,17.139999389648438,17.389999389648438,16.75,16.959999084472656,165100,0,0
2013-07-18,17.0,17.450000762939453,16.950000762939453,17.450000762939453,74300,0,0
2013-07-19,17.5,17.639999389648438,17.200000762939453,17.350000381469727,57600,0,0
2013-07-22,17.489999771118164,17.93000030517578,17.299999237060547,17.68000030517578,242000,0,0
2013-07-23,17.809999465942383,17.81999969482422,17.030000686645508,17.56999969482422,159100,0,0
2013-07-24,17.690000534057617,17.709999084472656,16.959999084472656,17.1200008392334,97100,0,0
2013-07-25,17.059999465942383,17.610000610351562,16.729999542236328,17.5,376400,0,0
2013-07-26,17.5,18.290000915527344,17.34000015258789,18.020000457763672,357200,0,0
2013-07-29,17.93000030517578,18.510000228881836,17.93000030517578,18.329999923706055,45400,0,0
2013-07-30,18.34000015258789,18.639999389648438,17.700000762939453,18.360000610351562,126000,0,0
2013-07-31,18.420000076293945,18.690000534057617,17.8799991607666,18.209999084472656,324800,0,0
2013-08-01,18.229999542236328,18.31999969482422,17.690000534057617,18.110000610351562,95300,0,0
2013-08-02,18.1200008392334,18.540000915527344,18.1200008392334,18.360000610351562,58000,0,0
2013-08-05,18.360000610351562,19.1200008392334,18.360000610351562,18.65999984741211,251700,0,0
2013-08-06,18.639999389648438,18.81999969482422,18.25,18.600000381469727,82000,0,0
2013-08-07,18.43000030517578,18.600000381469727,17.56999969482422,17.959999084472656,153200,0,0
2013-08-08,18.15999984741211,18.389999389648438,17.8700008392334,18.290000915527344,73700,0,0
2013-08-09,18.350000381469727,18.350000381469727,17.81999969482422,17.989999771118164,67600,0,0
2013-08-12,17.889999389648438,17.889999389648438,17.450000762939453,17.65999984741211,77200,0,0
2013-08-13,17.690000534057617,18.540000915527344,17.459999084472656,17.989999771118164,76200,0,0
2013-08-14,17.93000030517578,18.31999969482422,17.81999969482422,18.209999084472656,131000,0,0
2013-08-15,18.200000762939453,18.68000030517578,17.899999618530273,18.020000457763672,177300,0,0
2013-08-16,18.139999389648438,18.260000228881836,17.600000381469727,17.850000381469727,172000,0,0
2013-08-19,17.81999969482422,17.850000381469727,17.5,17.739999771118164,101000,0,0
2013-08-20,17.719999313354492,18.280000686645508,17.6299991607666,17.670000076293945,230400,0,0
2013-08-21,17.739999771118164,18.030000686645508,17.389999389648438,17.610000610351562,58300,0,0
2013-08-22,17.90999984741211,17.90999984741211,17.520000457763672,17.649999618530273,54200,0,0
2013-08-23,17.489999771118164,17.940000534057617,17.200000762939453,17.6200008392334,33100,0,0
2013-08-26,17.610000610351562,18.219999313354492,17.5,18.110000610351562,135300,0,0
2013-08-27,18.06999969482422,18.5,17.989999771118164,18.040000915527344,222300,0,0
2013-08-28,17.979999542236328,18.760000228881836,17.81999969482422,18.190000534057617,136500,0,0
2013-08-29,18.06999969482422,18.360000610351562,17.639999389648438,17.829999923706055,199300,0,0
2013-08-30,17.8700008392334,18.09000015258789,17.549999237060547,17.700000762939453,227200,0,0
2013-09-03,17.920000076293945,18.950000762939453,17.920000076293945,18.850000381469727,167800,0,0
2013-09-04,18.850000381469727,19.639999389648438,18.65999984741211,19.549999237060547,492200,0,0
2013-09-05,19.459999084472656,20.670000076293945,19.440000534057617,19.899999618530273,416600,0,0
2013-09-06,20.190000534057617,20.190000534057617,19.729999542236328,19.8799991607666,91900,0,0
2013-09-09,20.0,20.200000762939453,19.520000457763672,19.940000534057617,153000,0,0
2013-09-10,20.0,20.200000762939453,19.790000915527344,19.940000534057617,130400,0,0
2013-09-11,20.0,20.0,19.600000381469727,19.709999084472656,106200,0,0
2013-09-12,19.68000030517578,19.68000030517578,18.81999969482422,19.280000686645508,190700,0,0
2013-09-13,19.459999084472656,19.559999465942383,19.1200008392334,19.520000457763672,219300,0,0
2013-09-16,19.700000762939453,20.149999618530273,19.3700008392334,19.399999618530273,649900,0,0
2013-09-17,19.459999084472656,19.8700008392334,19.34000015258789,19.440000534057617,90900,0,0
2013-09-18,19.510000228881836,20.229999542236328,19.1299991607666,20.1299991607666,424600,0,0
2013-09-19,20.219999313354492,20.530000686645508,19.8700008392334,20.030000686645508,260100,0,0
2013-09-20,20.200000762939453,20.309999465942383,19.65999984741211,19.729999542236328,37400,0,0
2013-09-23,19.670000076293945,19.719999313354492,19.1299991607666,19.450000762939453,60700,0,0
2013-09-24,19.420000076293945,19.59000015258789,19.06999969482422,19.31999969482422,50200,0,0
2013-09-25,19.399999618530273,19.420000076293945,17.920000076293945,18.8799991607666,223100,0,0
2013-09-26,18.899999618530273,19.170000076293945,18.8700008392334,19.010000228881836,130800,0,0
2013-09-27,19.059999465942383,19.18000030517578,18.6200008392334,19.18000030517578,140000,0,0
2013-09-30,19.1299991607666,19.530000686645508,18.920000076293945,19.399999618530273,84700,0,0
2013-10-01,19.3700008392334,19.68000030517578,18.399999618530273,18.56999969482422,218800,0,0
2013-10-02,18.450000762939453,18.610000610351562,17.709999084472656,18.270000457763672,432300,0,0
2013-10-03,18.309999465942383,18.579999923706055,17.969999313354492,18.079999923706055,134200,0,0
2013-10-04,18.299999237060547,18.610000610351562,17.5,18.440000534057617,122400,0,0
2013-10-07,19.0,19.059999465942383,18.25,18.360000610351562,264000,0,0
2013-10-08,18.5,18.8700008392334,18.329999923706055,18.389999389648438,126100,0,0
2013-10-09,18.399999618530273,18.530000686645508,17.6200008392334,18.079999923706055,144200,0,0
2013-10-10,18.209999084472656,18.84000015258789,18.190000534057617,18.420000076293945,127500,0,0
2013-10-11,18.360000610351562,19.049999237060547,18.360000610351562,18.65999984741211,130300,0,0
2013-10-14,18.540000915527344,18.899999618530273,18.389999389648438,18.709999084472656,29400,0,0
2013-10-15,18.700000762939453,19.260000228881836,18.420000076293945,18.850000381469727,193400,0,0
2013-10-16,18.950000762939453,19.43000030517578,18.8799991607666,18.93000030517578,141900,0,0
2013-10-17,18.989999771118164,19.139999389648438,18.610000610351562,18.75,175000,0,0
2013-10-18,18.940000534057617,18.940000534057617,17.799999237060547,17.899999618530273,533100,0,0
2013-10-21,17.899999618530273,17.969999313354492,16.799999237060547,17.450000762939453,901400,0,0
2013-10-22,17.489999771118164,18.360000610351562,17.389999389648438,18.149999618530273,363400,0,0
2013-10-23,18.1299991607666,18.59000015258789,17.969999313354492,18.280000686645508,203300,0,0
2013-10-24,18.190000534057617,18.229999542236328,17.6299991607666,18.049999237060547,312700,0,0
2013-10-25,18.09000015258789,18.649999618530273,17.989999771118164,18.559999465942383,56100,0,0
2013-10-28,18.5,19.299999237060547,18.489999771118164,19.0,94700,0,0
2013-10-29,19.1200008392334,19.389999389648438,18.84000015258789,18.8700008392334,93400,0,0
2013-10-30,18.8700008392334,19.520000457763672,18.290000915527344,18.520000457763672,102200,0,0
2013-10-31,18.5,18.8700008392334,18.239999771118164,18.469999313354492,42700,0,0
2013-11-01,18.5,18.770000457763672,18.479999542236328,18.75,71700,0,0
2013-11-04,18.760000228881836,18.8799991607666,18.600000381469727,18.760000228881836,61600,0,0
2013-11-05,18.34000015258789,18.489999771118164,17.559999465942383,18.06999969482422,459500,0,0
2013-11-06,18.040000915527344,18.209999084472656,16.600000381469727,16.690000534057617,1087600,0,0
2013-11-07,17.25,17.979999542236328,16.899999618530273,17.219999313354492,673700,0,0
2013-11-08,17.530000686645508,18.979999542236328,17.5,18.850000381469727,5790200,0,0
2013-11-11,18.3700008392334,19.1299991607666,18.25,18.43000030517578,704000,0,0
2013-11-12,18.350000381469727,18.799999237060547,18.049999237060547,18.5,524600,0,0
2013-11-13,18.34000015258789,18.68000030517578,18.260000228881836,18.549999237060547,266200,0,0
2013-11-14,18.540000915527344,20.450000762939453,18.270000457763672,20.09000015258789,599000,0,0
2013-11-15,20.5,21.010000228881836,19.950000762939453,20.149999618530273,387400,0,0
2013-11-18,20.200000762939453,20.229999542236328,19.719999313354492,19.989999771118164,271800,0,0
2013-11-19,20.0,20.360000610351562,19.559999465942383,20.0,205300,0,0
2013-11-20,20.010000228881836,20.399999618530273,19.860000610351562,19.8799991607666,146200,0,0
2013-11-21,20.170000076293945,21.530000686645508,20.030000686645508,21.440000534057617,528300,0,0
2013-11-22,21.729999542236328,21.979999542236328,21.450000762939453,21.93000030517578,264200,0,0
2013-11-25,21.920000076293945,21.920000076293945,21.280000686645508,21.3700008392334,489000,0,0
2013-11-26,21.850000381469727,22.350000381469727,21.25,21.520000457763672,227900,0,0
2013-11-27,21.65999984741211,21.8700008392334,21.43000030517578,21.459999084472656,160400,0,0
2013-11-29,21.549999237060547,21.719999313354492,21.040000915527344,21.6200008392334,75100,0,0
2013-12-02,21.65999984741211,21.93000030517578,21.100000381469727,21.809999465942383,292200,0,0
2013-12-03,21.780000686645508,21.969999313354492,21.780000686645508,21.889999389648438,361500,0,0
2013-12-04,21.84000015258789,21.950000762939453,21.579999923706055,21.709999084472656,73600,0,0
2013-12-05,21.68000030517578,21.68000030517578,20.959999084472656,21.360000610351562,313300,0,0
2013-12-06,20.790000915527344,21.1200008392334,19.969999313354492,21.0,694000,0,0
2013-12-09,21.09000015258789,21.579999923706055,20.799999237060547,21.479999542236328,281400,0,0
2013-12-10,21.709999084472656,22.0,21.420000076293945,21.549999237060547,420000,0,0
2013-12-11,21.56999969482422,21.700000762939453,20.649999618530273,21.06999969482422,338800,0,0
2013-12-12,21.299999237060547,22.200000762939453,20.719999313354492,21.06999969482422,3519500,0,0
2013-12-13,21.100000381469727,21.739999771118164,21.040000915527344,21.709999084472656,244600,0,0
2013-12-16,21.670000076293945,22.020000457763672,21.110000610351562,21.809999465942383,339600,0,0
2013-12-17,21.770000457763672,21.889999389648438,21.670000076293945,21.809999465942383,107100,0,0
2013-12-18,21.8799991607666,22.15999984741211,21.770000457763672,21.93000030517578,420400,0,0
2013-12-19,21.979999542236328,22.299999237060547,21.770000457763672,21.920000076293945,268100,0,0
2013-12-20,22.020000457763672,22.639999389648438,22.0,22.399999618530273,569900,0,0
2013-12-23,22.639999389648438,22.739999771118164,22.3799991607666,22.56999969482422,347800,0,0
2013-12-24,22.75,23.1299991607666,22.700000762939453,22.889999389648438,110200,0,0
2013-12-26,22.8799991607666,23.040000915527344,22.68000030517578,22.700000762939453,116300,0,0
2013-12-27,22.860000610351562,23.469999313354492,22.649999618530273,23.030000686645508,153700,0,0
2013-12-30,23.1299991607666,23.25,22.899999618530273,22.959999084472656,220300,0,0
2013-12-31,23.059999465942383,23.350000381469727,22.81999969482422,23.270000457763672,101700,0,0
2014-01-02,23.020000457763672,23.739999771118164,22.6299991607666,23.600000381469727,309100,0,0
2014-01-03,23.600000381469727,23.709999084472656,23.31999969482422,23.6299991607666,246500,0,0
2014-01-06,23.559999465942383,23.690000534057617,23.010000228881836,23.209999084472656,231500,0,0
2014-01-07,23.360000610351562,24.0,23.34000015258789,23.760000228881836,349200,0,0
2014-01-08,23.809999465942383,24.25,23.56999969482422,23.6299991607666,677000,0,0
2014-01-09,23.639999389648438,23.8700008392334,22.559999465942383,23.0,563400,0,0
2014-01-10,23.209999084472656,23.510000228881836,22.56999969482422,22.979999542236328,251900,0,0
2014-01-13,23.18000030517578,23.18000030517578,22.149999618530273,22.219999313354492,445400,0,0
2014-01-14,22.229999542236328,22.600000381469727,21.989999771118164,22.510000228881836,138200,0,0
2014-01-15,22.649999618530273,24.18000030517578,22.5,23.989999771118164,603800,0,0
2014-01-16,24.0,24.360000610351562,23.549999237060547,23.8799991607666,553200,0,0
2014-01-17,23.90999984741211,24.25,23.399999618530273,23.979999542236328,367600,0,0
2014-01-21,24.1299991607666,24.5,23.889999389648438,24.299999237060547,569400,0,0
2014-01-22,24.420000076293945,24.420000076293945,24.010000228881836,24.260000228881836,462700,0,0
2014-01-23,24.5,24.729999542236328,24.200000762939453,24.59000015258789,550700,0,0
2014-01-24,24.389999389648438,24.420000076293945,23.15999984741211,24.229999542236328,689700,0,0
2014-01-27,25.469999313354492,25.790000915527344,24.59000015258789,25.299999237060547,1620800,0,0
2014-01-28,25.280000686645508,26.5,24.290000915527344,25.959999084472656,1060700,0,0
2014-01-29,25.709999084472656,26.100000381469727,24.75,25.600000381469727,646900,0,0
2014-01-30,25.899999618530273,26.290000915527344,25.450000762939453,25.850000381469727,745000,0,0
2014-01-31,25.65999984741211,26.420000076293945,25.520000457763672,25.90999984741211,443000,0,0
2014-02-03,26.06999969482422,26.790000915527344,25.3799991607666,25.440000534057617,1047800,0,0
2014-02-04,25.489999771118164,25.81999969482422,24.790000915527344,24.809999465942383,642400,0,0
2014-02-05,24.770000457763672,25.309999465942383,24.520000457763672,24.90999984741211,483800,0,0
2014-02-06,24.399999618530273,25.010000228881836,24.299999237060547,24.399999618530273,4500100,0,0
2014-02-07,24.65999984741211,24.850000381469727,24.329999923706055,24.6200008392334,2181800,0,0
2014-02-10,24.739999771118164,24.809999465942383,24.489999771118164,24.790000915527344,634500,0,0
2014-02-11,25.5,25.600000381469727,25.18000030517578,25.25,1963400,0,0
2014-02-12,25.450000762939453,26.229999542236328,25.200000762939453,26.139999389648438,1994200,0,0
2014-02-13,26.1299991607666,26.790000915527344,26.020000457763672,26.299999237060547,855700,0,0
2014-02-14,26.469999313354492,26.709999084472656,26.059999465942383,26.520000457763672,676000,0,0
2014-02-18,26.809999465942383,27.209999084472656,26.559999465942383,27.18000030517578,872900,0,0
2014-02-19,27.229999542236328,28.079999923706055,27.18000030517578,27.59000015258789,949900,0,0
2014-02-20,27.59000015258789,28.040000915527344,27.079999923706055,27.989999771118164,732400,0,0
2014-02-21,28.209999084472656,29.079999923706055,27.799999237060547,28.3700008392334,1192000,0,0
2014-02-24,28.479999542236328,28.56999969482422,27.90999984741211,28.209999084472656,732100,0,0
2014-02-25,28.280000686645508,28.350000381469727,27.959999084472656,28.1299991607666,361900,0,0
2014-02-26,28.709999084472656,29.030000686645508,27.469999313354492,27.719999313354492,1674100,0,0
2014-02-27,27.600000381469727,28.56999969482422,27.559999465942383,27.8799991607666,1849000,0,0
2014-02-28,27.899999618530273,28.059999465942383,27.420000076293945,27.790000915527344,1092000,0,0
2014-03-03,27.790000915527344,28.06999969482422,27.649999618530273,27.729999542236328,486900,0,0
2014-03-04,28.040000915527344,28.1299991607666,27.760000228881836,27.889999389648438,657200,0,0
2014-03-05,27.8799991607666,28.65999984741211,27.670000076293945,27.75,950200,0,0
2014-03-06,28.420000076293945,28.899999618530273,28.059999465942383,28.770000457763672,6660100,0,0
2014-03-07,28.899999618530273,28.899999618530273,27.920000076293945,28.100000381469727,1641900,0,0
2014-03-10,28.139999389648438,28.219999313354492,27.6200008392334,27.84000015258789,1245100,0,0
2014-03-11,27.920000076293945,28.100000381469727,27.709999084472656,27.780000686645508,530500,0,0
2014-03-12,27.610000610351562,27.739999771118164,26.799999237060547,27.6299991607666,1609500,0,0
2014-03-13,27.81999969482422,27.940000534057617,26.8799991607666,26.90999984741211,1059800,0,0
2014-03-14,26.700000762939453,27.260000228881836,26.3799991607666,27.170000076293945,1338400,0,0
2014-03-17,27.43000030517578,28.0,27.299999237060547,27.809999465942383,888400,0,0
2014-03-18,27.950000762939453,28.18000030517578,27.950000762939453,28.1200008392334,742500,0,0
2014-03-19,28.059999465942383,28.1200008392334,27.190000534057617,27.450000762939453,1441400,0,0
2014-03-20,27.229999542236328,28.190000534057617,27.0,27.670000076293945,1288700,0,0
2014-03-21,27.940000534057617,28.18000030517578,27.329999923706055,27.520000457763672,1413300,0,0
2014-03-24,27.610000610351562,27.719999313354492,27.200000762939453,27.229999542236328,611000,0,0
2014-03-25,27.530000686645508,28.209999084472656,27.34000015258789,28.049999237060547,1618900,0,0
2014-03-26,28.059999465942383,28.489999771118164,27.90999984741211,28.219999313354492,705200,0,0
2014-03-27,28.260000228881836,28.540000915527344,27.899999618530273,28.459999084472656,1108000,0,0
2014-03-28,28.93000030517578,29.079999923706055,28.59000015258789,28.739999771118164,711900,0,0
2014-03-31,28.84000015258789,29.420000076293945,28.809999465942383,29.350000381469727,1475200,0,0
2014-04-01,29.399999618530273,30.040000915527344,29.139999389648438,30.0,1507600,0,0
2014-04-02,30.1200008392334,30.329999923706055,29.700000762939453,29.860000610351562,593900,0,0
2014-04-03,30.059999465942383,30.059999465942383,29.690000534057617,29.850000381469727,389100,0,0
2014-04-04,29.850000381469727,30.0,29.579999923706055,29.75,1203100,0,0
2014-04-07,29.59000015258789,29.84000015258789,28.229999542236328,28.420000076293945,1297900,0,0
2014-04-08,29.260000228881836,29.479999542236328,28.510000228881836,28.709999084472656,1451400,0,0
2014-04-09,29.350000381469727,30.0,28.920000076293945,29.790000915527344,1877800,0,0
2014-04-10,29.959999084472656,30.170000076293945,28.280000686645508,28.6299991607666,2121300,0,0
2014-04-11,28.280000686645508,28.68000030517578,27.040000915527344,27.479999542236328,2279600,0,0
2014-04-14,27.75,28.149999618530273,27.75,27.979999542236328,1159200,0,0
2014-04-15,27.969999313354492,27.969999313354492,26.639999389648438,27.8700008392334,934300,0,0
2014-04-16,28.0,29.270000457763672,27.81999969482422,29.209999084472656,1027900,0,0
2014-04-17,29.600000381469727,29.979999542236328,29.399999618530273,29.81999969482422,988400,0,0
2014-04-21,29.780000686645508,29.809999465942383,29.1299991607666,29.760000228881836,375800,0,0
2014-04-22,29.860000610351562,30.200000762939453,29.68000030517578,30.059999465942383,647600,0,0
2014-04-23,30.100000381469727,30.790000915527344,29.93000030517578,30.399999618530273,973000,0,0
2014-04-24,30.770000457763672,30.920000076293945,30.110000610351562,30.829999923706055,718200,0,0
2014-04-25,30.709999084472656,30.799999237060547,29.780000686645508,29.920000076293945,825900,0,0
2014-04-28,30.010000228881836,30.06999969482422,29.290000915527344,29.770000457763672,661400,0,0
2014-04-29,29.510000228881836,30.200000762939453,29.510000228881836,30.020000457763672,500300,0,0
2014-04-30,29.979999542236328,30.690000534057617,29.860000610351562,30.520000457763672,520600,0,0
2014-05-01,30.40999984741211,31.110000610351562,30.399999618530273,30.75,1088100,0,0
2014-05-02,30.729999542236328,31.06999969482422,30.559999465942383,30.899999618530273,811100,0,0
2014-05-05,30.670000076293945,31.020000457763672,30.510000228881836,30.899999618530273,218900,0,0
2014-05-06,30.739999771118164,30.739999771118164,30.200000762939453,30.690000534057617,666200,0,0
2014-05-07,30.700000762939453,30.899999618530273,30.270000457763672,30.56999969482422,308900,0,0
2014-05-08,30.360000610351562,31.06999969482422,30.09000015258789,30.25,469600,0,0
2014-05-09,30.0,30.329999923706055,29.270000457763672,29.59000015258789,929500,0,0
2014-05-12,29.790000915527344,30.079999923706055,29.520000457763672,29.959999084472656,1340300,0,0
2014-05-13,29.790000915527344,29.950000762939453,29.389999389648438,29.40999984741211,916400,0,0
2014-05-14,29.559999465942383,29.639999389648438,28.860000610351562,28.959999084472656,953100,0,0
2014-05-15,28.889999389648438,28.889999389648438,27.709999084472656,28.56999969482422,1858600,0,0
2014-05-16,28.18000030517578,30.290000915527344,27.700000762939453,29.90999984741211,1450400,0,0
2014-05-19,30.190000534057617,30.299999237060547,29.700000762939453,29.950000762939453,654400,0,0
2014-05-20,29.780000686645508,29.780000686645508,29.260000228881836,29.350000381469727,572000,0,0
2014-05-21,29.450000762939453,29.6200008392334,28.969999313354492,28.989999771118164,546300,0,0
2014-05-22,28.690000534057617,29.450000762939453,28.5,29.040000915527344,484500,0,0
2014-05-23,29.0,29.290000915527344,28.93000030517578,29.149999618530273,267400,0,0
2014-05-27,29.329999923706055,29.8799991607666,29.229999542236328,29.559999465942383,478700,0,0
2014-05-28,29.639999389648438,29.75,29.15999984741211,29.360000610351562,579200,0,0
2014-05-29,29.65999984741211,29.780000686645508,29.18000030517578,29.190000534057617,416300,0,0
2014-05-30,29.299999237060547,29.299999237060547,28.90999984741211,29.139999389648438,362500,0,0
2014-06-02,29.229999542236328,29.329999923706055,28.780000686645508,29.260000228881836,874100,0,0
2014-06-03,29.040000915527344,29.579999923706055,28.979999542236328,29.43000030517578,644700,0,0
2014-06-04,29.459999084472656,29.59000015258789,29.100000381469727,29.5,263800,0,0
2014-06-05,29.5,30.0,29.3700008392334,29.969999313354492,698100,0,0
2014-06-06,30.149999618530273,30.809999465942383,30.079999923706055,30.799999237060547,694100,0,0
2014-06-09,31.0,31.010000228881836,30.440000534057617,30.6299991607666,263800,0,0
2014-06-10,30.510000228881836,30.760000228881836,30.290000915527344,30.450000762939453,620000,0,0
2014-06-11,30.40999984741211,30.670000076293945,30.219999313354492,30.40999984741211,417100,0,0
2014-06-12,30.899999618530273,31.059999465942383,30.549999237060547,30.600000381469727,817300,0,0
2014-06-13,30.56999969482422,31.149999618530273,30.56999969482422,31.030000686645508,455400,0,0
2014-06-16,31.010000228881836,31.209999084472656,30.739999771118164,31.020000457763672,658600,0,0
2014-06-17,30.850000381469727,31.329999923706055,30.850000381469727,31.299999237060547,520000,0,0
2014-06-18,31.190000534057617,32.0099983215332,31.190000534057617,31.989999771118164,555900,0,0
2014-06-19,32.099998474121094,32.119998931884766,31.600000381469727,31.93000030517578,429700,0,0
2014-06-20,31.950000762939453,32.20000076293945,31.90999984741211,32.13999938964844,486100,0,0
2014-06-23,32.099998474121094,32.40999984741211,31.780000686645508,32.369998931884766,357900,0,0
2014-06-24,32.13999938964844,32.310001373291016,31.559999465942383,31.68000030517578,702500,0,0
2014-06-25,31.700000762939453,32.0099983215332,31.690000534057617,31.860000610351562,151300,0,0
2014-06-26,32.099998474121094,32.41999816894531,31.989999771118164,32.38999938964844,507000,0,0
2014-06-27,32.380001068115234,32.560001373291016,31.850000381469727,32.06999969482422,1504700,0,0
2014-06-30,32.150001525878906,32.150001525878906,31.690000534057617,32.060001373291016,1638600,0,0
2014-07-01,32.25,32.61000061035156,31.399999618530273,31.459999084472656,914400,0,0
2014-07-02,31.549999237060547,31.739999771118164,31.190000534057617,31.43000030517578,663000,0,0
2014-07-03,31.440000534057617,31.690000534057617,30.940000534057617,31.290000915527344,363400,0,0
2014-07-07,31.040000915527344,31.579999923706055,31.030000686645508,31.25,460800,0,0
2014-07-08,31.1200008392334,31.290000915527344,30.579999923706055,30.809999465942383,371800,0,0
2014-07-09,31.280000686645508,31.760000228881836,31.280000686645508,31.649999618530273,599700,0,0
2014-07-10,30.979999542236328,31.700000762939453,30.84000015258789,31.34000015258789,359400,0,0
2014-07-11,31.25,31.68000030517578,31.049999237060547,31.31999969482422,311200,0,0
2014-07-14,31.43000030517578,31.610000610351562,30.799999237060547,31.270000457763672,606400,0,0
2014-07-15,31.209999084472656,31.3799991607666,30.5,30.950000762939453,377000,0,0
2014-07-16,31.260000228881836,31.260000228881836,30.540000915527344,31.010000228881836,282300,0,0
2014-07-17,31.299999237060547,32.06999969482422,30.920000076293945,31.8700008392334,1764100,0,0
2014-07-18,31.81999969482422,32.20000076293945,31.479999542236328,32.20000076293945,655500,0,0
2014-07-21,32.16999816894531,32.400001525878906,32.029998779296875,32.25,472100,0,0
2014-07-22,32.29999923706055,32.5099983215332,32.0099983215332,32.06999969482422,208900,0,0
2014-07-23,31.989999771118164,32.150001525878906,31.65999984741211,32.060001373291016,189500,0,0
2014-07-24,32.0,32.22999954223633,31.639999389648438,31.729999542236328,334700,0,0
2014-07-25,30.3700008392334,31.0,30.0,30.600000381469727,1300100,0,0
2014-07-28,30.600000381469727,30.770000457763672,29.989999771118164,30.09000015258789,658600,0,0
2014-07-29,30.079999923706055,30.3799991607666,29.43000030517578,29.440000534057617,573900,0,0
2014-07-30,29.540000915527344,29.799999237060547,29.010000228881836,29.079999923706055,633200,0,0
2014-07-31,28.790000915527344,29.239999771118164,28.219999313354492,28.979999542236328,817200,0,0
2014-08-01,28.8799991607666,29.15999984741211,28.469999313354492,28.959999084472656,791600,0,0
2014-08-04,28.989999771118164,29.139999389648438,28.739999771118164,28.979999542236328,519700,0,0
2014-08-05,28.940000534057617,29.110000610351562,28.760000228881836,29.100000381469727,582800,0,0
2014-08-06,28.93000030517578,29.270000457763672,28.809999465942383,29.190000534057617,399500,0,0
2014-08-07,29.280000686645508,29.469999313354492,28.530000686645508,28.600000381469727,469600,0,0
2014-08-08,28.559999465942383,29.049999237060547,28.5,28.760000228881836,255700,0,0
2014-08-11,28.979999542236328,30.079999923706055,28.920000076293945,29.690000534057617,616400,0,0
2014-08-12,29.540000915527344,29.959999084472656,29.229999542236328,29.889999389648438,315100,0,0
2014-08-13,29.969999313354492,30.309999465942383,29.90999984741211,30.18000030517578,316300,0,0
2014-08-14,30.200000762939453,30.329999923706055,30.0,30.149999618530273,182700,0,0
2014-08-15,30.170000076293945,30.40999984741211,30.1299991607666,30.239999771118164,243400,0,0
2014-08-18,29.920000076293945,30.09000015258789,29.200000762939453,29.229999542236328,983900,0,0
2014-08-19,29.270000457763672,29.520000457763672,28.739999771118164,29.049999237060547,600100,0,0
2014-08-20,28.84000015258789,29.15999984741211,28.739999771118164,28.8799991607666,394300,0,0
2014-08-21,28.889999389648438,28.959999084472656,28.030000686645508,28.309999465942383,907200,0,0
2014-08-22,28.270000457763672,28.670000076293945,28.260000228881836,28.5,395600,0,0
2014-08-25,28.600000381469727,28.860000610351562,28.450000762939453,28.5,298500,0,0
2014-08-26,28.239999771118164,28.760000228881836,28.239999771118164,28.350000381469727,502800,0,0
2014-08-27,28.459999084472656,28.610000610351562,27.670000076293945,27.700000762939453,646200,0,0
2014-08-28,27.0,29.920000076293945,27.0,29.40999984741211,2647600,0,0
2014-08-29,29.309999465942383,29.309999465942383,28.3700008392334,28.479999542236328,493600,0,0
2014-09-02,28.5,28.56999969482422,27.639999389648438,27.709999084472656,990500,0,0
2014-09-03,27.770000457763672,27.899999618530273,27.350000381469727,27.649999618530273,730800,0,0
2014-09-04,27.719999313354492,27.860000610351562,27.3799991607666,27.559999465942383,538500,0,0
2014-09-05,27.469999313354492,27.950000762939453,27.3799991607666,27.8700008392334,682800,0,0
2014-09-08,27.8700008392334,27.8700008392334,27.549999237060547,27.75,591000,0,0
2014-09-09,27.360000610351562,27.56999969482422,26.43000030517578,26.84000015258789,848500,0,0
2014-09-10,26.8700008392334,27.020000457763672,26.600000381469727,26.829999923706055,584300,0,0
2014-09-11,26.690000534057617,26.84000015258789,26.549999237060547,26.600000381469727,315600,0,0
2014-09-12,26.56999969482422,26.920000076293945,26.520000457763672,26.719999313354492,351700,0,0
2014-09-15,26.6200008392334,26.799999237060547,26.110000610351562,26.25,396500,0,0
2014-09-16,26.1200008392334,26.649999618530273,26.040000915527344,26.469999313354492,454700,0,0
2014-09-17,26.399999618530273,26.780000686645508,26.219999313354492,26.440000534057617,397800,0,0
2014-09-18,26.59000015258789,26.950000762939453,26.459999084472656,26.65999984741211,680100,0,0
2014-09-19,26.700000762939453,26.75,25.850000381469727,25.850000381469727,646300,0,0
2014-09-22,25.75,25.75,25.079999923706055,25.3799991607666,586600,0,0
2014-09-23,25.190000534057617,26.09000015258789,25.190000534057617,25.940000534057617,836300,0,0
2014-09-24,25.920000076293945,26.020000457763672,25.100000381469727,25.5,949900,0,0
2014-09-25,25.479999542236328,25.489999771118164,24.559999465942383,24.729999542236328,661100,0,0
2014-09-26,24.59000015258789,24.889999389648438,24.34000015258789,24.34000015258789,931600,0,0
2014-09-29,24.15999984741211,24.6200008392334,23.860000610351562,24.360000610351562,1045100,0,0
2014-09-30,24.450000762939453,24.809999465942383,24.219999313354492,24.610000610351562,740900,0,0
2014-10-01,25.059999465942383,25.31999969482422,23.6200008392334,23.93000030517578,1606300,0,0
2014-10-02,23.93000030517578,23.950000762939453,22.290000915527344,23.31999969482422,1570400,0,0
2014-10-03,25.049999237060547,25.739999771118164,21.639999389648438,22.139999389648438,4087700,0,0
2014-10-06,22.690000534057617,23.18000030517578,19.81999969482422,20.65999984741211,4508500,0,0
2014-10-07,20.469999313354492,20.510000228881836,19.829999923706055,19.989999771118164,1942700,0,0
2014-10-08,20.049999237060547,20.260000228881836,19.540000915527344,20.0,1272400,0,0
2014-10-09,20.0,20.399999618530273,19.229999542236328,19.43000030517578,1637300,0,0
2014-10-10,19.260000228881836,19.56999969482422,18.829999923706055,18.950000762939453,1233200,0,0
2014-10-13,19.09000015258789,19.299999237060547,17.010000228881836,17.15999984741211,2793700,0,0
2014-10-14,17.229999542236328,17.8700008392334,16.670000076293945,17.260000228881836,2750700,0,0
2014-10-15,16.93000030517578,17.469999313354492,16.639999389648438,17.3700008392334,1030000,0,0
2014-10-16,17.40999984741211,20.15999984741211,17.209999084472656,19.549999237060547,2713900,0,0
2014-10-17,20.0,21.56999969482422,19.75,20.5,3215200,0,0
2014-10-20,20.5,20.6299991607666,19.969999313354492,20.219999313354492,1011900,0,0
2014-10-21,20.469999313354492,21.149999618530273,20.219999313354492,20.950000762939453,1859500,0,0
2014-10-22,20.93000030517578,21.18000030517578,20.309999465942383,20.559999465942383,1187600,0,0
2014-10-23,20.68000030517578,21.790000915527344,20.6200008392334,21.1299991607666,1404000,0,0
2014-10-24,21.079999923706055,21.270000457763672,20.5,20.579999923706055,829200,0,0
2014-10-27,20.450000762939453,21.6200008392334,20.06999969482422,20.489999771118164,1802700,0,0
2014-10-28,20.559999465942383,20.649999618530273,20.0,20.209999084472656,2003000,0,0
2014-10-29,20.1299991607666,20.34000015258789,19.719999313354492,19.799999237060547,1690400,0,0
2014-10-30,19.65999984741211,20.280000686645508,19.559999465942383,20.010000228881836,1239900,0,0
2014-10-31,19.90999984741211,20.420000076293945,19.6200008392334,20.25,608300,0,0
2014-11-03,20.219999313354492,20.829999923706055,20.1299991607666,20.739999771118164,640900,0,0
2014-11-04,20.739999771118164,20.75,20.06999969482422,20.389999389648438,1069800,0,0
2014-11-05,20.420000076293945,20.850000381469727,20.149999618530273,20.549999237060547,824600,0,0
2014-11-06,20.549999237060547,20.959999084472656,20.3799991607666,20.68000030517578,928000,0,0
2014-11-07,20.739999771118164,21.479999542236328,20.5,21.350000381469727,866500,0,0
2014-11-10,21.40999984741211,21.65999984741211,20.93000030517578,21.469999313354492,677500,0,0
2014-11-11,21.43000030517578,21.450000762939453,20.829999923706055,20.950000762939453,359300,0,0
2014-11-12,20.90999984741211,21.639999389648438,20.809999465942383,21.56999969482422,452600,0,0
2014-11-13,21.6200008392334,21.6200008392334,20.84000015258789,20.860000610351562,604800,0,0
2014-11-14,20.790000915527344,21.31999969482422,20.739999771118164,21.1299991607666,1026300,0,0
2014-11-17,21.420000076293945,22.18000030517578,21.040000915527344,21.100000381469727,842400,0,0
2014-11-18,20.850000381469727,21.43000030517578,20.809999465942383,20.969999313354492,1644300,0,0
2014-11-19,20.719999313354492,20.719999313354492,16.5,17.93000030517578,9459900,0,0
2014-11-20,17.479999542236328,17.809999465942383,16.920000076293945,17.75,3386700,0,0
2014-11-21,17.81999969482422,18.030000686645508,16.799999237060547,17.030000686645508,4411900,0,0
2014-11-24,16.989999771118164,17.31999969482422,16.6299991607666,16.649999618530273,2457400,0,0
2014-11-25,16.549999237060547,17.040000915527344,16.350000381469727,16.3799991607666,1929200,0,0
2014-11-26,16.25,16.399999618530273,15.859999656677246,16.0,1535600,0,0
2014-11-28,15.6899995803833,16.149999618530273,15.5600004196167,15.75,1041900,0,0
2014-12-01,15.829999923706055,16.34000015258789,15.649999618530273,16.219999313354492,1358500,0,0
2014-12-02,16.110000610351562,16.389999389648438,15.380000114440918,15.460000038146973,1096300,0,0
2014-12-03,15.4399995803833,16.65999984741211,15.4399995803833,16.549999237060547,1241500,0,0
2014-12-04,16.709999084472656,18.34000015258789,16.639999389648438,17.530000686645508,3031500,0,0
2014-12-05,17.270000457763672,17.829999923706055,17.170000076293945,17.299999237060547,1131000,0,0
2014-12-08,17.299999237060547,17.34000015258789,16.350000381469727,16.5,2035100,0,0
2014-12-09,16.3799991607666,16.75,16.139999389648438,16.6299991607666,721300,0,0
2014-12-10,16.420000076293945,16.600000381469727,15.869999885559082,15.979999542236328,1203200,0,0
2014-12-11,15.949999809265137,16.219999313354492,15.390000343322754,15.640000343322754,1105400,0,0
2014-12-12,15.59000015258789,16.010000228881836,15.25,15.760000228881836,773800,0,0
2014-12-15,15.779999732971191,16.059999465942383,15.3100004196167,15.859999656677246,668500,0,0
2014-12-16,15.859999656677246,16.079999923706055,15.420000076293945,15.420000076293945,475200,0,0
2014-12-17,15.40999984741211,15.899999618530273,15.329999923706055,15.850000381469727,926900,0,0
2014-12-18,16.399999618530273,17.34000015258789,16.110000610351562,16.959999084472656,1209100,0,0
2014-12-19,17.079999923706055,17.200000762939453,16.809999465942383,16.81999969482422,842400,0,0
2014-12-22,16.969999313354492,16.969999313354492,15.869999885559082,16.200000762939453,528900,0,0
2014-12-23,16.219999313354492,16.56999969482422,16.139999389648438,16.34000015258789,312300,0,0
2014-12-24,16.40999984741211,16.540000915527344,16.18000030517578,16.329999923706055,185100,0,0
2014-12-26,16.440000534057617,16.440000534057617,16.079999923706055,16.18000030517578,280100,0,0
2014-12-29,16.149999618530273,16.3799991607666,15.850000381469727,16.09000015258789,824700,0,0
2014-12-30,16.0,16.299999237060547,15.930000305175781,16.110000610351562,743400,0,0
2014-12-31,16.190000534057617,16.5,15.960000038146973,16.43000030517578,582800,0,0
2015-01-02,16.530000686645508,16.899999618530273,15.8100004196167,16.850000381469727,551100,0,0
2015-01-05,16.760000228881836,16.809999465942383,16.06999969482422,16.360000610351562,474400,0,0
2015-01-06,16.350000381469727,16.520000457763672,16.18000030517578,16.360000610351562,355100,0,0
2015-01-07,16.520000457763672,16.540000915527344,15.960000038146973,16.219999313354492,402600,0,0
2015-01-08,16.290000915527344,16.5,16.059999465942383,16.389999389648438,392600,0,0
2015-01-09,16.520000457763672,16.84000015258789,16.34000015258789,16.790000915527344,453500,0,0
2015-01-12,16.809999465942383,17.170000076293945,16.200000762939453,17.1200008392334,595800,0,0
2015-01-13,17.15999984741211,17.709999084472656,17.110000610351562,17.299999237060547,1278600,0,0
2015-01-14,17.18000030517578,18.5,16.8799991607666,18.0,1527600,0,0
2015-01-15,18.0,18.110000610351562,17.510000228881836,17.600000381469727,685200,0,0
2015-01-16,17.68000030517578,17.90999984741211,17.170000076293945,17.809999465942383,869000,0,0
2015-01-20,17.56999969482422,17.979999542236328,17.1200008392334,17.709999084472656,653600,0,0
2015-01-21,17.709999084472656,18.489999771118164,17.520000457763672,18.239999771118164,582700,0,0
2015-01-22,18.31999969482422,18.5,18.09000015258789,18.209999084472656,541500,0,0
2015-01-23,18.239999771118164,18.239999771118164,17.610000610351562,17.770000457763672,534400,0,0
2015-01-26,17.639999389648438,18.010000228881836,17.43000030517578,17.639999389648438,356500,0,0
2015-01-27,17.489999771118164,18.09000015258789,17.360000610351562,17.75,432700,0,0
2015-01-28,17.899999618530273,18.920000076293945,17.540000915527344,18.459999084472656,1022400,0,0
2015-01-29,18.290000915527344,18.8799991607666,18.110000610351562,18.719999313354492,1310700,0,0
2015-01-30,18.670000076293945,18.700000762939453,18.15999984741211,18.40999984741211,426100,0,0
2015-02-02,18.5,18.520000457763672,18.15999984741211,18.290000915527344,476200,0,0
2015-02-03,18.65999984741211,19.399999618530273,18.5,19.059999465942383,1241100,0,0
2015-02-04,19.079999923706055,19.65999984741211,18.6299991607666,19.559999465942383,808100,0,0
2015-02-05,19.700000762939453,20.110000610351562,19.389999389648438,19.6200008392334,745300,0,0
2015-02-06,19.530000686645508,19.65999984741211,19.030000686645508,19.239999771118164,530800,0,0
2015-02-09,19.389999389648438,19.389999389648438,17.979999542236328,18.280000686645508,913000,0,0
2015-02-10,18.229999542236328,18.75,17.950000762939453,18.59000015258789,631700,0,0
2015-02-11,18.56999969482422,18.850000381469727,18.40999984741211,18.510000228881836,280100,0,0
2015-02-12,18.959999084472656,18.969999313354492,18.540000915527344,18.670000076293945,446300,0,0
2015-02-13,18.8700008392334,19.170000076293945,18.700000762939453,18.770000457763672,571400,0,0
2015-02-17,18.81999969482422,18.860000610351562,18.530000686645508,18.729999542236328,317900,0,0
2015-02-18,18.709999084472656,19.1200008392334,18.510000228881836,18.75,244600,0,0
2015-02-19,18.709999084472656,19.229999542236328,18.549999237060547,18.979999542236328,408300,0,0
2015-02-20,18.979999542236328,19.43000030517578,18.799999237060547,19.059999465942383,370800,0,0
2015-02-23,19.040000915527344,19.149999618530273,18.510000228881836,18.770000457763672,330300,0,0
2015-02-24,18.81999969482422,18.899999618530273,18.329999923706055,18.65999984741211,441700,0,0
2015-02-25,18.600000381469727,18.700000762939453,18.1200008392334,18.420000076293945,421600,0,0
2015-02-26,18.510000228881836,18.729999542236328,18.389999389648438,18.450000762939453,198000,0,0
2015-02-27,18.34000015258789,18.93000030517578,18.329999923706055,18.90999984741211,476000,0,0
2015-03-02,18.950000762939453,19.899999618530273,18.729999542236328,19.75,392300,0,0
2015-03-03,19.610000610351562,19.829999923706055,19.350000381469727,19.549999237060547,320900,0,0
2015-03-04,19.440000534057617,19.979999542236328,19.1299991607666,19.93000030517578,427900,0,0
2015-03-05,19.989999771118164,20.549999237060547,19.700000762939453,20.040000915527344,780300,0,0
2015-03-06,19.940000534057617,20.079999923706055,19.75,20.0,456000,0,0
2015-03-09,19.950000762939453,20.25,19.8799991607666,20.239999771118164,769700,0,0
2015-03-10,20.1200008392334,20.209999084472656,19.190000534057617,19.31999969482422,554000,0,0
2015-03-11,19.299999237060547,19.530000686645508,18.639999389648438,18.90999984741211,725900,0,0
2015-03-12,19.100000381469727,20.25,18.399999618530273,20.219999313354492,1231200,0,0
2015-03-13,20.040000915527344,20.760000228881836,19.700000762939453,20.450000762939453,700200,0,0
2015-03-16,20.440000534057617,20.639999389648438,19.760000228881836,20.06999969482422,629800,0,0
2015-03-17,19.950000762939453,20.530000686645508,19.709999084472656,20.219999313354492,448900,0,0
2015-03-18,20.059999465942383,20.739999771118164,19.8700008392334,20.479999542236328,735700,0,0
2015-03-19,20.510000228881836,20.649999618530273,20.040000915527344,20.510000228881836,686900,0,0
2015-03-20,20.65999984741211,20.809999465942383,20.040000915527344,20.09000015258789,1146300,0,0
2015-03-23,20.18000030517578,20.299999237060547,19.889999389648438,20.200000762939453,386600,0,0
2015-03-24,20.200000762939453,20.280000686645508,19.899999618530273,20.1200008392334,402900,0,0
2015-03-25,20.1200008392334,20.1200008392334,19.170000076293945,19.190000534057617,651500,0,0
2015-03-26,19.100000381469727,19.350000381469727,18.969999313354492,19.200000762939453,581500,0,0
2015-03-27,19.290000915527344,19.3700008392334,18.93000030517578,19.190000534057617,472900,0,0
2015-03-30,19.360000610351562,20.219999313354492,19.260000228881836,19.920000076293945,512900,0,0
2015-03-31,19.90999984741211,20.3700008392334,19.649999618530273,20.31999969482422,402500,0,0
2015-04-01,20.309999465942383,20.309999465942383,19.270000457763672,19.450000762939453,410400,0,0
2015-04-02,19.420000076293945,19.729999542236328,19.3799991607666,19.520000457763672,167200,0,0
2015-04-06,19.469999313354492,19.690000534057617,19.09000015258789,19.420000076293945,269200,0,0
2015-04-07,19.479999542236328,19.5,18.43000030517578,18.43000030517578,584900,0,0
2015-04-08,18.43000030517578,19.170000076293945,18.09000015258789,18.68000030517578,495200,0,0
2015-04-09,18.510000228881836,18.770000457763672,17.969999313354492,18.229999542236328,735400,0,0
2015-04-10,18.309999465942383,18.700000762939453,18.170000076293945,18.360000610351562,233000,0,0
2015-04-13,18.360000610351562,18.649999618530273,18.190000534057617,18.610000610351562,263700,0,0
2015-04-14,18.65999984741211,19.040000915527344,18.09000015258789,18.790000915527344,606200,0,0
2015-04-15,18.84000015258789,18.84000015258789,18.399999618530273,18.56999969482422,1986200,0,0
2015-04-16,18.549999237060547,19.100000381469727,18.420000076293945,18.719999313354492,1077400,0,0
2015-04-17,18.649999618530273,18.770000457763672,18.479999542236328,18.559999465942383,717400,0,0
2015-04-20,18.6200008392334,18.790000915527344,18.3799991607666,18.389999389648438,341600,0,0
2015-04-21,18.479999542236328,18.520000457763672,17.8700008392334,18.06999969482422,447500,0,0
2015-04-22,18.030000686645508,18.459999084472656,17.959999084472656,18.149999618530273,414700,0,0
2015-04-23,18.18000030517578,18.5,18.030000686645508,18.200000762939453,446300,0,0
2015-04-24,18.229999542236328,19.170000076293945,17.979999542236328,19.149999618530273,423700,0,0
2015-04-27,19.149999618530273,19.25,18.299999237060547,18.510000228881836,485600,0,0
2015-04-28,18.459999084472656,18.760000228881836,17.989999771118164,18.489999771118164,1409900,0,0
2015-04-29,18.40999984741211,18.780000686645508,18.06999969482422,18.299999237060547,970600,0,0
2015-04-30,18.350000381469727,18.520000457763672,18.1299991607666,18.3700008392334,477100,0,0
2015-05-01,18.40999984741211,18.520000457763672,18.239999771118164,18.309999465942383,757700,0,0
2015-05-04,18.399999618530273,18.520000457763672,18.18000030517578,18.239999771118164,857400,0,0
2015-05-05,18.399999618530273,18.469999313354492,17.440000534057617,17.489999771118164,985400,0,0
2015-05-06,17.56999969482422,17.8799991607666,17.440000534057617,17.809999465942383,553100,0,0
2015-05-07,17.809999465942383,17.829999923706055,17.350000381469727,17.399999618530273,1039900,0,0
2015-05-08,17.549999237060547,17.81999969482422,17.389999389648438,17.5,896500,0,0
2015-05-11,17.510000228881836,17.56999969482422,17.1299991607666,17.18000030517578,1014100,0,0
2015-05-12,17.1299991607666,17.440000534057617,16.850000381469727,17.020000457763672,1120300,0,0
2015-05-13,17.06999969482422,17.25,16.920000076293945,16.940000534057617,945100,0,0
2015-05-14,16.200000762939453,17.299999237060547,15.399999618530273,17.09000015258789,3676400,0,0
2015-05-15,16.6200008392334,16.700000762939453,15.329999923706055,15.75,3355700,0,0
2015-05-18,15.710000038146973,15.720000267028809,14.75,15.039999961853027,1623900,0,0
2015-05-19,15.0,15.460000038146973,14.779999732971191,15.170000076293945,1168000,0,0
2015-05-20,15.119999885559082,15.539999961853027,14.899999618530273,15.4399995803833,846400,0,0
2015-05-21,15.630000114440918,15.6899995803833,15.09000015258789,15.25,569400,0,0
2015-05-22,15.25,15.579999923706055,14.899999618530273,14.930000305175781,431300,0,0
2015-05-26,14.890000343322754,14.899999618530273,14.020000457763672,14.220000267028809,909000,0,0
2015-05-27,14.199999809265137,14.260000228881836,13.90999984741211,13.970000267028809,738600,0,0
2015-05-28,13.920000076293945,14.050000190734863,13.5600004196167,13.869999885559082,997000,0,0
2015-05-29,13.829999923706055,13.920000076293945,13.59000015258789,13.619999885559082,568600,0,0
2015-06-01,13.699999809265137,13.770000457763672,13.449999809265137,13.449999809265137,629100,0,0
2015-06-02,13.4399995803833,13.869999885559082,13.34000015258789,13.710000038146973,586300,0,0
2015-06-03,13.75,14.100000381469727,13.720000267028809,14.079999923706055,701500,0,0
2015-06-04,14.0,14.100000381469727,13.960000038146973,14.079999923706055,735400,0,0
2015-06-05,14.029999732971191,14.260000228881836,13.5600004196167,13.600000381469727,2025600,0,0
2015-06-08,13.619999885559082,13.65999984741211,12.930000305175781,12.960000038146973,836500,0,0
2015-06-09,12.989999771118164,13.029999732971191,12.449999809265137,12.680000305175781,784600,0,0
2015-06-10,12.75,12.949999809265137,12.109999656677246,12.369999885559082,1137600,0,0
2015-06-11,12.449999809265137,12.770000457763672,12.359999656677246,12.670000076293945,1076000,0,0
2015-06-12,12.640000343322754,12.640000343322754,12.149999618530273,12.529999732971191,751400,0,0
2015-06-15,12.40999984741211,12.510000228881836,12.079999923706055,12.09000015258789,959800,0,0
2015-06-16,12.010000228881836,12.220000267028809,11.65999984741211,11.869999885559082,819300,0,0
2015-06-17,11.920000076293945,12.010000228881836,11.229999542236328,11.649999618530273,1137700,0,0
2015-06-18,11.680000305175781,11.920000076293945,11.260000228881836,11.880000114440918,1686200,0,0
2015-06-19,11.800000190734863,12.15999984741211,11.800000190734863,12.109999656677246,948100,0,0
2015-06-22,12.149999618530273,12.430000305175781,12.050000190734863,12.09000015258789,1282500,0,0
2015-06-23,12.199999809265137,12.470000267028809,12.09000015258789,12.420000076293945,1116100,0,0
2015-06-24,12.399999618530273,12.600000381469727,12.350000381469727,12.380000114440918,1529500,0,0
2015-06-25,12.380000114440918,12.40999984741211,12.020000457763672,12.210000038146973,1150100,0,0
2015-06-26,12.25,12.369999885559082,12.010000228881836,12.239999771118164,621400,0,0
2015-06-29,12.140000343322754,12.239999771118164,11.960000038146973,12.140000343322754,1196600,0,0
2015-06-30,12.25,12.279999732971191,11.680000305175781,11.829999923706055,1232500,0,0
2015-07-01,11.90999984741211,12.050000190734863,11.619999885559082,11.75,897800,0,0
2015-07-02,11.75,11.789999961853027,11.210000038146973,11.289999961853027,849300,0,0
2015-07-06,11.130000114440918,11.170000076293945,10.670000076293945,10.800000190734863,1044200,0,0
2015-07-07,10.680000305175781,11.350000381469727,10.680000305175781,11.3100004196167,2110900,0,0
2015-07-08,11.199999809265137,11.550000190734863,10.65999984741211,10.789999961853027,964500,0,0
2015-07-09,10.979999542236328,11.15999984741211,10.479999542236328,10.489999771118164,1583600,0,0
2015-07-10,10.609999656677246,10.789999961853027,10.229999542236328,10.359999656677246,863600,0,0
2015-07-13,10.430000305175781,10.720000267028809,10.34000015258789,10.600000381469727,573200,0,0
2015-07-14,10.479999542236328,10.819999694824219,10.430000305175781,10.630000114440918,617100,0,0
2015-07-15,10.649999618530273,10.739999771118164,9.899999618530273,9.930000305175781,513100,0,0
2015-07-16,10.0,10.369999885559082,9.890000343322754,10.359999656677246,951900,0,0
2015-07-17,10.329999923706055,10.380000114440918,9.989999771118164,10.149999618530273,669600,0,0
2015-07-20,10.149999618530273,10.229999542236328,9.630000114440918,9.890000343322754,1281500,0,0
2015-07-21,9.9399995803833,10.170000076293945,9.779999732971191,9.829999923706055,1215200,0,0
2015-07-22,9.760000228881836,10.180000305175781,9.59000015258789,10.170000076293945,895700,0,0
2015-07-23,10.1899995803833,10.760000228881836,10.170000076293945,10.760000228881836,1067500,0,0
2015-07-24,10.680000305175781,10.770000457763672,10.210000038146973,10.680000305175781,752400,0,0
2015-07-27,10.609999656677246,10.84000015258789,10.449999809265137,10.520000457763672,729600,0,0
2015-07-28,10.569999694824219,11.079999923706055,10.489999771118164,10.859999656677246,1119500,0,0
2015-07-29,10.869999885559082,11.5,10.800000190734863,11.350000381469727,675000,0,0
2015-07-30,11.3100004196167,11.4399995803833,10.770000457763672,10.859999656677246,1068400,0,0
2015-07-31,10.949999809265137,11.170000076293945,10.779999732971191,11.100000381469727,909700,0,0
2015-08-03,11.100000381469727,11.220000267028809,10.760000228881836,11.100000381469727,832300,0,0
2015-08-04,11.100000381469727,11.420000076293945,11.029999732971191,11.180000305175781,877900,0,0
2015-08-05,11.65999984741211,11.899999618530273,8.09000015258789,8.34000015258789,2628200,0,0
2015-08-06,8.5,8.510000228881836,5.400000095367432,5.889999866485596,7859300,0,0
2015-08-07,6.03000020980835,7.599999904632568,5.909999847412109,6.539999961853027,7313100,0,0
2015-08-10,6.550000190734863,7.400000095367432,6.550000190734863,6.980000019073486,2637800,0,0
2015-08-11,6.909999847412109,6.96999979019165,6.53000020980835,6.619999885559082,1278400,0,0
2015-08-12,6.519999980926514,6.75,6.289999961853027,6.699999809265137,1185700,0,0
2015-08-13,6.650000095367432,6.800000190734863,6.369999885559082,6.650000095367432,1436200,0,0
2015-08-14,6.78000020980835,7.059999942779541,6.489999771118164,7.019999980926514,1225600,0,0
2015-08-17,6.840000152587891,6.989999771118164,6.579999923706055,6.909999847412109,882400,0,0
2015-08-18,6.96999979019165,6.96999979019165,6.440000057220459,6.53000020980835,998800,0,0
2015-08-19,6.449999809265137,6.579999923706055,6.289999961853027,6.409999847412109,757900,0,0
2015-08-20,6.440000057220459,6.46999979019165,6.269999980926514,6.420000076293945,612100,0,0
2015-08-21,6.320000171661377,6.409999847412109,6.239999771118164,6.300000190734863,1332600,0,0
2015-08-24,5.929999828338623,6.610000133514404,5.929999828338623,6.449999809265137,1194300,0,0
2015-08-25,6.630000114440918,6.630000114440918,6.21999979019165,6.409999847412109,958300,0,0
2015-08-26,6.5,6.5,5.820000171661377,5.929999828338623,985600,0,0
2015-08-27,5.960000038146973,6.480000019073486,5.929999828338623,6.260000228881836,1105600,0,0
2015-08-28,6.320000171661377,6.78000020980835,6.300000190734863,6.590000152587891,1186500,0,0
2015-08-31,6.559999942779541,6.599999904632568,6.28000020980835,6.550000190734863,892700,0,0
2015-09-01,6.360000133514404,6.400000095367432,5.949999809265137,6.039999961853027,1170800,0,0
2015-09-02,6.099999904632568,6.190000057220459,5.789999961853027,6.150000095367432,603600,0,0
2015-09-03,6.110000133514404,6.420000076293945,6.070000171661377,6.380000114440918,542300,0,0
2015-09-04,6.329999923706055,6.340000152587891,6.079999923706055,6.199999809265137,586500,0,0
2015-09-08,6.329999923706055,6.610000133514404,6.300000190734863,6.53000020980835,702100,0,0
2015-09-09,6.579999923706055,6.880000114440918,6.550000190734863,6.800000190734863,779400,0,0
2015-09-10,6.75,7.21999979019165,6.75,7.170000076293945,846200,0,0
2015-09-11,7.179999828338623,7.789999961853027,7.090000152587891,7.539999961853027,1423600,0,0
2015-09-14,7.489999771118164,7.760000228881836,7.349999904632568,7.670000076293945,1169100,0,0
2015-09-15,7.650000095367432,8.09000015258789,7.599999904632568,7.940000057220459,1074600,0,0
2015-09-16,7.920000076293945,8.6899995803833,7.920000076293945,8.569999694824219,1524700,0,0
2015-09-17,8.449999809265137,8.84000015258789,8.319999694824219,8.75,1664000,0,0
2015-09-18,8.550000190734863,8.829999923706055,8.180000305175781,8.369999885559082,1505500,0,0
2015-09-21,8.579999923706055,8.579999923706055,8.020000457763672,8.050000190734863,1102500,0,0
2015-09-22,7.869999885559082,8.15999984741211,7.739999771118164,8.0600004196167,1552300,0,0
2015-09-23,8.0600004196167,8.260000228881836,7.579999923706055,7.820000171661377,1511200,0,0
2015-09-24,7.75,7.75,7.159999847412109,7.340000152587891,1078100,0,0
2015-09-25,7.429999828338623,7.429999828338623,6.650000095367432,6.730000019073486,1453000,0,0
2015-09-28,6.659999847412109,6.820000171661377,6.380000114440918,6.420000076293945,885700,0,0
2015-09-29,6.449999809265137,6.590000152587891,6.340000152587891,6.389999866485596,592500,0,0
2015-09-30,6.480000019073486,6.590000152587891,6.039999961853027,6.059999942779541,1200000,0,0
2015-10-01,6.070000171661377,6.380000114440918,5.860000133514404,6.090000152587891,1585000,0,0
2015-10-02,6.010000228881836,6.309999942779541,5.909999847412109,6.239999771118164,1652500,0,0
2015-10-05,6.269999980926514,6.539999961853027,6.21999979019165,6.480000019073486,1364000,0,0
2015-10-06,6.440000057220459,6.849999904632568,6.409999847412109,6.599999904632568,994000,0,0
2015-10-07,6.639999866485596,6.690000057220459,6.400000095367432,6.559999942779541,1258700,0,0
2015-10-08,6.550000190734863,6.550000190734863,6.260000228881836,6.309999942779541,1481700,0,0
2015-10-09,6.289999961853027,6.519999980926514,6.28000020980835,6.349999904632568,1556500,0,0
2015-10-12,6.320000171661377,6.349999904632568,6.050000190734863,6.099999904632568,861200,0,0
2015-10-13,6.039999961853027,6.340000152587891,5.949999809265137,6.170000076293945,656700,0,0
2015-10-14,6.199999809265137,6.320000171661377,6.03000020980835,6.110000133514404,685600,0,0
2015-10-15,6.070000171661377,6.110000133514404,5.820000171661377,5.96999979019165,543100,0,0
2015-10-16,5.96999979019165,6.019999980926514,5.579999923706055,5.699999809265137,653100,0,0
2015-10-19,5.650000095367432,5.809999942779541,5.510000228881836,5.579999923706055,616300,0,0
2015-10-20,5.559999942779541,5.71999979019165,5.510000228881836,5.550000190734863,638400,0,0
2015-10-21,5.559999942779541,5.570000171661377,4.889999866485596,4.980000019073486,1634600,0,0
2015-10-22,4.96999979019165,5.150000095367432,4.78000020980835,4.860000133514404,1356500,0,0
2015-10-23,4.909999847412109,5.0,4.650000095367432,4.78000020980835,1276400,0,0
2015-10-26,4.78000020980835,4.789999961853027,4.170000076293945,4.170000076293945,1938000,0,0
2015-10-27,4.170000076293945,4.349999904632568,3.880000114440918,4.170000076293945,3256200,0,0
2015-10-28,4.090000152587891,4.159999847412109,3.7799999713897705,3.950000047683716,4030600,0,0
2015-10-29,3.9000000953674316,4.0,3.390000104904175,3.6600000858306885,4021900,0,0
2015-10-30,3.6500000953674316,3.990000009536743,3.380000114440918,3.7699999809265137,6690900,0,0
2015-11-02,3.7699999809265137,4.760000228881836,3.6700000762939453,4.71999979019165,4764400,0,0
2015-11-03,4.849999904632568,5.25,4.71999979019165,5.239999771118164,2879300,0,0
2015-11-04,5.239999771118164,5.289999961853027,4.949999809265137,5.190000057220459,2363800,0,0
2015-11-05,4.849999904632568,6.920000076293945,4.710000038146973,6.550000190734863,5164800,0,0
2015-11-06,6.5,8.300000190734863,6.409999847412109,8.1899995803833,7023100,0,0
2015-11-09,8.079999923706055,8.4399995803833,7.340000152587891,7.349999904632568,5769700,0,0
2015-11-10,7.269999980926514,7.329999923706055,6.880000114440918,7.210000038146973,3373300,0,0
2015-11-11,7.199999809265137,7.53000020980835,6.929999828338623,7.199999809265137,1991400,0,0
2015-11-12,7.110000133514404,8.640000343322754,7.010000228881836,8.520000457763672,5139100,0,0
2015-11-13,8.390000343322754,8.520000457763672,7.869999885559082,8.1899995803833,2166000,0,0
2015-11-16,8.170000076293945,8.75,7.949999809265137,8.289999961853027,1533600,0,0
2015-11-17,8.170000076293945,8.399999618530273,7.809999942779541,7.96999979019165,745700,0,0
2015-11-18,8.010000228881836,8.550000190734863,7.989999771118164,8.34000015258789,817700,0,0
2015-11-19,8.380000114440918,8.4399995803833,7.96999979019165,8.020000457763672,858900,0,0
2015-11-20,8.09000015258789,8.149999618530273,7.550000190734863,7.730000019073486,1138700,0,0
2015-11-23,7.679999828338623,8.479999542236328,7.579999923706055,8.1899995803833,1195000,0,0
2015-11-24,8.180000305175781,8.829999923706055,8.069999694824219,8.609999656677246,1790100,0,0
2015-11-25,8.520000457763672,9.9399995803833,8.520000457763672,8.859999656677246,2412700,0,0
2015-11-27,8.819999694824219,9.050000190734863,8.510000228881836,8.59000015258789,867800,0,0
2015-11-30,8.59000015258789,8.850000381469727,8.319999694824219,8.789999961853027,1725500,0,0
2015-12-01,8.789999961853027,9.020000457763672,8.600000381469727,8.65999984741211,1508200,0,0
2015-12-02,8.640000343322754,8.729999542236328,8.100000381469727,8.34000015258789,1880400,0,0
2015-12-03,8.399999618530273,8.550000190734863,8.119999885559082,8.369999885559082,866200,0,0
2015-12-04,8.430000305175781,8.8100004196167,8.350000381469727,8.460000038146973,1179700,0,0
2015-12-07,8.40999984741211,8.479999542236328,8.010000228881836,8.220000267028809,824300,0,0
2015-12-08,8.220000267028809,8.279999732971191,7.78000020980835,8.0,1007600,0,0
2015-12-09,7.909999847412109,8.109999656677246,7.320000171661377,8.020000457763672,2530500,0,0
2015-12-10,7.789999961853027,8.270000457763672,7.460000038146973,7.929999828338623,1172200,0,0
2015-12-11,7.78000020980835,7.889999866485596,7.409999847412109,7.440000057220459,707500,0,0
2015-12-14,7.46999979019165,7.809999942779541,7.190000057220459,7.440000057220459,1309400,0,0
2015-12-15,7.559999942779541,7.940000057220459,7.420000076293945,7.489999771118164,750100,0,0
2015-12-16,7.46999979019165,7.730000019073486,7.21999979019165,7.309999942779541,712500,0,0
2015-12-17,7.230000019073486,7.389999866485596,7.059999942779541,7.230000019073486,744900,0,0
2015-12-18,7.150000095367432,7.489999771118164,7.150000095367432,7.420000076293945,920500,0,0
2015-12-21,7.460000038146973,7.929999828338623,7.289999961853027,7.679999828338623,1132400,0,0
2015-12-22,7.730000019073486,7.75,6.920000076293945,7.510000228881836,1644300,0,0
2015-12-23,7.599999904632568,8.920000076293945,7.590000152587891,8.75,2087200,0,0
2015-12-24,8.680000305175781,8.869999885559082,8.09000015258789,8.40999984741211,677500,0,0
2015-12-28,8.369999885559082,8.449999809265137,8.039999961853027,8.1899995803833,436700,0,0
2015-12-29,8.359999656677246,8.380000114440918,7.989999771118164,8.0,555700,0,0
2015-12-30,7.949999809265137,8.1899995803833,7.800000190734863,7.820000171661377,728800,0,0
2015-12-31,7.789999961853027,7.929999828338623,7.590000152587891,7.699999809265137,803300,0,0
2016-01-04,7.679999828338623,8.289999961853027,7.590000152587891,8.170000076293945,977200,0,0
2016-01-05,8.199999809265137,8.359999656677246,7.800000190734863,8.220000267028809,988900,0,0
2016-01-06,8.100000381469727,8.649999618530273,7.730000019073486,7.880000114440918,1281000,0,0
2016-01-07,7.730000019073486,7.829999923706055,7.440000057220459,7.559999942779541,892500,0,0
2016-01-08,7.590000152587891,8.079999923706055,7.460000038146973,7.78000020980835,865800,0,0
2016-01-11,7.730000019073486,7.809999942779541,6.760000228881836,7.230000019073486,1626000,0,0
2016-01-12,7.25,7.449999809265137,6.820000171661377,7.260000228881836,851000,0,0
2016-01-13,7.309999942779541,7.730000019073486,7.300000190734863,7.300000190734863,820400,0,0
2016-01-14,7.269999980926514,7.369999885559082,6.699999809265137,6.960000038146973,999800,0,0
2016-01-15,6.610000133514404,6.869999885559082,6.510000228881836,6.75,1028600,0,0
2016-01-19,6.809999942779541,6.809999942779541,6.0,6.25,901200,0,0
2016-01-20,6.070000171661377,6.369999885559082,5.789999961853027,6.199999809265137,889600,0,0
2016-01-21,6.170000076293945,6.690000057220459,6.170000076293945,6.460000038146973,630300,0,0
2016-01-22,6.610000133514404,7.139999866485596,6.019999980926514,6.170000076293945,1222500,0,0
2016-01-25,6.099999904632568,6.179999828338623,5.550000190734863,5.690000057220459,824900,0,0
2016-01-26,5.71999979019165,6.0,5.579999923706055,6.0,325600,0,0
2016-01-27,5.929999828338623,6.150000095367432,5.679999828338623,5.71999979019165,491600,0,0
2016-01-28,5.760000228881836,5.880000114440918,5.380000114440918,5.449999809265137,559500,0,0
2016-01-29,5.5,6.420000076293945,5.460000038146973,6.260000228881836,1126600,0,0
2016-02-01,6.150000095367432,6.230000019073486,5.53000020980835,5.880000114440918,1345500,0,0
2016-02-02,5.809999942779541,5.860000133514404,5.610000133514404,5.860000133514404,669400,0,0
2016-02-03,5.840000152587891,5.989999771118164,5.570000171661377,5.880000114440918,723900,0,0
2016-02-04,5.849999904632568,6.489999771118164,5.269999980926514,5.579999923706055,2340700,0,0
2016-02-05,5.539999961853027,5.539999961853027,4.920000076293945,5.210000038146973,2008600,0,0
2016-02-08,5.079999923706055,5.139999866485596,4.929999828338623,5.0,689700,0,0
2016-02-09,4.989999771118164,5.03000020980835,4.590000152587891,4.800000190734863,1475800,0,0
2016-02-10,4.909999847412109,4.929999828338623,4.420000076293945,4.46999979019165,1549700,0,0
2016-02-11,4.460000038146973,4.599999904632568,3.990000009536743,4.130000114440918,1617200,0,0
2016-02-12,4.230000019073486,4.369999885559082,4.119999885559082,4.159999847412109,941600,0,0
2016-02-16,4.21999979019165,4.260000228881836,3.950000047683716,4.03000020980835,1656100,0,0
2016-02-17,4.159999847412109,4.920000076293945,4.159999847412109,4.889999866485596,3805700,0,0
2016-02-18,4.960000038146973,5.300000190734863,4.400000095367432,5.230000019073486,1638500,0,0
2016-02-19,5.239999771118164,5.28000020980835,4.949999809265137,5.159999847412109,720700,0,0
2016-02-22,5.25,5.260000228881836,5.090000152587891,5.139999866485596,919900,0,0
2016-02-23,5.130000114440918,5.179999828338623,4.820000171661377,4.989999771118164,1022300,0,0
2016-02-24,4.989999771118164,5.269999980926514,4.75,5.199999809265137,1783300,0,0
2016-02-25,5.170000076293945,5.230000019073486,4.949999809265137,5.079999923706055,1078700,0,0
2016-02-26,5.150000095367432,5.289999961853027,5.010000228881836,5.210000038146973,1035600,0,0
2016-02-29,5.269999980926514,5.329999923706055,5.179999828338623,5.21999979019165,926800,0,0
2016-03-01,5.239999771118164,5.409999847412109,5.039999961853027,5.239999771118164,1098700,0,0
2016-03-02,5.269999980926514,5.809999942779541,5.21999979019165,5.800000190734863,1798000,0,0
2016-03-03,5.829999923706055,6.489999771118164,5.800000190734863,6.300000190734863,1507600,0,0
2016-03-04,6.340000152587891,6.690000057220459,6.130000114440918,6.230000019073486,1638400,0,0
2016-03-07,6.309999942779541,6.480000019073486,5.869999885559082,6.179999828338623,1677800,0,0
2016-03-08,6.059999942779541,6.059999942779541,5.449999809265137,5.559999942779541,1193800,0,0
2016-03-09,5.610000133514404,6.139999866485596,5.579999923706055,5.840000152587891,895000,0,0
2016-03-10,6.0,7.059999942779541,6.0,6.800000190734863,2509700,0,0
2016-03-11,6.940000057220459,7.429999828338623,6.75,6.880000114440918,1555700,0,0
2016-03-14,6.789999961853027,6.929999828338623,6.360000133514404,6.869999885559082,1128200,0,0
2016-03-15,5.929999828338623,6.110000133514404,4.159999847412109,4.309999942779541,8768700,0,0
2016-03-16,4.320000171661377,4.699999809265137,4.260000228881836,4.570000171661377,2752700,0,0
2016-03-17,4.599999904632568,5.25,4.599999904632568,5.050000190734863,2455000,0,0
2016-03-18,5.0,5.400000095367432,4.889999866485596,4.949999809265137,1604000,0,0
2016-03-21,4.909999847412109,4.960000038146973,4.619999885559082,4.820000171661377,865700,0,0
2016-03-22,4.789999961853027,5.389999866485596,4.619999885559082,5.059999942779541,2034300,0,0
2016-03-23,5.019999980926514,5.090000152587891,4.670000076293945,4.760000228881836,1031600,0,0
2016-03-24,4.690000057220459,5.010000228881836,4.619999885559082,4.980000019073486,939500,0,0
2016-03-28,4.96999979019165,5.039999961853027,4.789999961853027,4.809999942779541,422700,0,0
2016-03-29,4.78000020980835,5.039999961853027,4.670000076293945,4.929999828338623,662500,0,0
2016-03-30,5.0,5.28000020980835,5.0,5.159999847412109,720800,0,0
2016-03-31,5.190000057220459,5.300000190734863,5.150000095367432,5.190000057220459,802300,0,0
2016-04-01,5.119999885559082,5.21999979019165,5.059999942779541,5.099999904632568,502600,0,0
2016-04-04,5.110000133514404,5.170000076293945,4.900000095367432,4.900000095367432,502800,0,0
2016-04-05,4.849999904632568,5.150000095367432,4.789999961853027,5.050000190734863,627400,0,0
2016-04-06,5.079999923706055,5.079999923706055,4.849999904632568,4.880000114440918,596200,0,0
2016-04-07,4.860000133514404,4.949999809265137,4.730000019073486,4.849999904632568,600600,0,0
2016-04-08,4.940000057220459,5.059999942779541,4.869999885559082,4.920000076293945,483000,0,0
2016-04-11,4.980000019073486,5.139999866485596,4.929999828338623,5.050000190734863,522500,0,0
2016-04-12,5.070000171661377,5.349999904632568,5.070000171661377,5.309999942779541,744900,0,0
2016-04-13,5.340000152587891,5.599999904632568,5.340000152587891,5.400000095367432,925300,0,0
2016-04-14,5.449999809265137,5.5,5.239999771118164,5.5,418000,0,0
2016-04-15,5.480000019073486,5.679999828338623,5.380000114440918,5.429999828338623,501600,0,0
2016-04-18,5.360000133514404,5.440000057220459,5.059999942779541,5.409999847412109,872300,0,0
2016-04-19,5.510000228881836,5.860000133514404,5.480000019073486,5.820000171661377,966800,0,0
2016-04-20,5.760000228881836,6.03000020980835,5.75,5.78000020980835,774700,0,0
2016-04-21,5.789999961853027,5.869999885559082,5.610000133514404,5.639999866485596,465600,0,0
2016-04-22,5.71999979019165,5.920000076293945,5.550000190734863,5.659999847412109,673100,0,0
2016-04-25,5.699999809265137,5.769999980926514,5.559999942779541,5.690000057220459,572400,0,0
2016-04-26,5.699999809265137,5.989999771118164,5.559999942779541,5.920000076293945,725000,0,0
2016-04-27,5.989999771118164,6.53000020980835,5.900000095367432,6.46999979019165,1310500,0,0
2016-04-28,6.400000095367432,6.46999979019165,5.699999809265137,5.840000152587891,1270400,0,0
2016-04-29,5.869999885559082,6.179999828338623,5.800000190734863,5.829999923706055,853300,0,0
2016-05-02,5.829999923706055,5.849999904632568,5.519999980926514,5.659999847412109,616300,0,0
2016-05-03,5.639999866485596,5.670000076293945,5.409999847412109,5.610000133514404,554400,0,0
2016-05-04,5.559999942779541,5.949999809265137,5.480000019073486,5.539999961853027,809700,0,0
2016-05-05,5.650000095367432,5.650000095367432,5.409999847412109,5.46999979019165,657300,0,0
2016-05-06,5.429999828338623,5.829999923706055,5.380000114440918,5.639999866485596,746100,0,0
2016-05-09,5.519999980926514,5.550000190734863,5.28000020980835,5.449999809265137,470700,0,0
2016-05-10,5.480000019073486,5.630000114440918,5.360000133514404,5.579999923706055,591500,0,0
2016-05-11,5.599999904632568,5.940000057220459,5.559999942779541,5.739999771118164,619000,0,0
2016-05-12,5.670000076293945,5.670000076293945,5.0,5.260000228881836,1555900,0,0
2016-05-13,5.260000228881836,5.46999979019165,5.199999809265137,5.320000171661377,780300,0,0
2016-05-16,5.389999866485596,5.53000020980835,5.190000057220459,5.210000038146973,662800,0,0
2016-05-17,5.190000057220459,5.369999885559082,5.150000095367432,5.260000228881836,957300,0,0
2016-05-18,5.210000038146973,5.380000114440918,5.119999885559082,5.179999828338623,740400,0,0
2016-05-19,5.090000152587891,5.340000152587891,5.090000152587891,5.230000019073486,603300,0,0
2016-05-20,5.03000020980835,5.099999904632568,4.800000190734863,4.889999866485596,1423300,0,0
2016-05-23,4.880000114440918,5.090000152587891,4.769999980926514,4.980000019073486,616500,0,0
2016-05-24,5.010000228881836,5.070000171661377,4.920000076293945,4.949999809265137,521700,0,0
2016-05-25,5.010000228881836,5.25,4.980000019073486,5.230000019073486,481900,0,0
2016-05-26,5.300000190734863,5.400000095367432,5.139999866485596,5.21999979019165,509800,0,0
2016-05-27,5.190000057220459,5.230000019073486,4.980000019073486,5.019999980926514,305800,0,0
2016-05-31,5.090000152587891,5.190000057220459,4.980000019073486,5.019999980926514,248200,0,0
2016-06-01,4.989999771118164,5.0,4.809999942779541,4.960000038146973,372800,0,0
2016-06-02,4.920000076293945,5.010000228881836,4.840000152587891,4.96999979019165,327100,0,0
2016-06-03,5.0,5.0,4.739999771118164,4.789999961853027,468400,0,0
2016-06-06,4.900000095367432,5.260000228881836,4.900000095367432,5.239999771118164,667100,0,0
2016-06-07,5.230000019073486,5.420000076293945,5.199999809265137,5.25,576500,0,0
2016-06-08,5.309999942779541,5.480000019073486,5.21999979019165,5.239999771118164,790800,0,0
2016-06-09,5.170000076293945,5.190000057220459,4.849999904632568,4.960000038146973,634900,0,0
2016-06-10,4.900000095367432,4.900000095367432,4.650000095367432,4.679999828338623,632400,0,0
2016-06-13,4.670000076293945,4.730000019073486,4.46999979019165,4.5,670200,0,0
2016-06-14,4.590000152587891,4.659999847412109,4.269999980926514,4.389999866485596,647600,0,0
2016-06-15,4.409999847412109,4.659999847412109,4.409999847412109,4.519999980926514,506900,0,0
2016-06-16,4.480000019073486,4.550000190734863,4.25,4.320000171661377,530000,0,0
2016-06-17,4.440000057220459,4.539999961853027,4.25,4.300000190734863,723500,0,0
2016-06-20,4.46999979019165,4.550000190734863,4.389999866485596,4.519999980926514,586200,0,0
2016-06-21,4.480000019073486,4.599999904632568,4.340000152587891,4.420000076293945,568300,0,0
2016-06-22,4.449999809265137,4.550000190734863,4.360000133514404,4.53000020980835,535200,0,0
2016-06-23,4.460000038146973,4.880000114440918,4.460000038146973,4.860000133514404,661100,0,0
2016-06-24,4.369999885559082,4.659999847412109,4.340000152587891,4.510000228881836,713100,0,0
2016-06-27,4.46999979019165,4.489999771118164,4.019999980926514,4.150000095367432,886900,0,0
2016-06-28,4.269999980926514,4.429999828338623,4.21999979019165,4.380000114440918,554700,0,0
2016-06-29,4.460000038146973,4.670000076293945,4.440000057220459,4.610000133514404,542800,0,0
2016-06-30,4.619999885559082,4.71999979019165,4.480000019073486,4.690000057220459,371200,0,0
2016-07-01,4.71999979019165,4.96999979019165,4.71999979019165,4.849999904632568,609900,0,0
2016-07-05,4.820000171661377,4.840000152587891,4.699999809265137,4.710000038146973,445200,0,0
2016-07-06,4.670000076293945,4.820000171661377,4.590000152587891,4.769999980926514,382200,0,0
2016-07-07,4.829999923706055,4.940000057220459,4.619999885559082,4.659999847412109,791400,0,0
2016-07-08,4.730000019073486,4.960000038146973,4.679999828338623,4.940000057220459,1178200,0,0
2016-07-11,4.980000019073486,5.21999979019165,4.980000019073486,4.989999771118164,565500,0,0
2016-07-12,5.079999923706055,5.130000114440918,4.75,4.800000190734863,1023200,0,0
2016-07-13,4.820000171661377,4.860000133514404,4.710000038146973,4.739999771118164,914300,0,0
2016-07-14,4.730000019073486,4.920000076293945,4.690000057220459,4.889999866485596,530800,0,0
2016-07-15,4.869999885559082,5.139999866485596,4.869999885559082,5.099999904632568,438200,0,0
2016-07-18,5.099999904632568,5.28000020980835,5.059999942779541,5.230000019073486,289200,0,0
2016-07-19,5.150000095367432,5.239999771118164,5.070000171661377,5.099999904632568,589800,0,0
2016-07-20,5.050000190734863,5.090000152587891,4.849999904632568,5.010000228881836,259400,0,0
2016-07-21,5.019999980926514,5.119999885559082,4.849999904632568,4.860000133514404,449200,0,0
2016-07-22,4.840000152587891,4.96999979019165,4.789999961853027,4.949999809265137,347600,0,0
2016-07-25,4.880000114440918,4.980000019073486,4.869999885559082,4.909999847412109,209300,0,0
2016-07-26,4.900000095367432,5.199999809265137,4.869999885559082,5.190000057220459,269500,0,0
2016-07-27,5.239999771118164,5.460000038146973,5.21999979019165,5.400000095367432,568500,0,0
2016-07-28,5.349999904632568,5.400000095367432,5.230000019073486,5.329999923706055,347500,0,0
2016-07-29,5.300000190734863,5.449999809265137,5.260000228881836,5.309999942779541,592700,0,0
2016-08-01,5.25,5.289999961853027,5.050000190734863,5.079999923706055,2078300,0,0
2016-08-02,5.300000190734863,5.329999923706055,5.019999980926514,5.079999923706055,2791000,0,0
2016-08-03,5.150000095367432,5.210000038146973,4.980000019073486,5.199999809265137,4343600,0,0
2016-08-04,5.230000019073486,5.269999980926514,5.0,5.059999942779541,1752600,0,0
2016-08-05,5.070000171661377,5.139999866485596,5.03000020980835,5.099999904632568,1538700,0,0
2016-08-08,5.150000095367432,5.670000076293945,5.059999942779541,5.639999866485596,2547100,0,0
2016-08-09,5.599999904632568,6.019999980926514,5.550000190734863,5.809999942779541,1234100,0,0
2016-08-10,5.840000152587891,6.019999980926514,5.789999961853027,5.840000152587891,580500,0,0
2016-08-11,5.849999904632568,5.909999847412109,5.78000020980835,5.789999961853027,615700,0,0
2016-08-12,5.800000190734863,5.809999942779541,5.670000076293945,5.690000057220459,243300,0,0
2016-08-15,5.690000057220459,5.900000095367432,5.670000076293945,5.78000020980835,334300,0,0
2016-08-16,5.849999904632568,5.869999885559082,5.690000057220459,5.730000019073486,324700,0,0
2016-08-17,5.760000228881836,5.760000228881836,5.5,5.559999942779541,252200,0,0
2016-08-18,5.570000171661377,5.789999961853027,5.559999942779541,5.590000152587891,389400,0,0
2016-08-19,5.550000190734863,5.559999942779541,5.239999771118164,5.269999980926514,700300,0,0
2016-08-22,5.199999809265137,5.71999979019165,5.159999847412109,5.590000152587891,484500,0,0
2016-08-23,5.610000133514404,5.710000038146973,5.570000171661377,5.639999866485596,256200,0,0
2016-08-24,5.610000133514404,5.630000114440918,5.349999904632568,5.389999866485596,295900,0,0
2016-08-25,5.369999885559082,5.449999809265137,5.28000020980835,5.400000095367432,287200,0,0
2016-08-26,5.46999979019165,5.519999980926514,5.260000228881836,5.300000190734863,345800,0,0
2016-08-29,5.309999942779541,6.21999979019165,5.309999942779541,6.159999847412109,2793400,0,0
2016-08-30,6.159999847412109,7.269999980926514,6.150000095367432,7.230000019073486,4707800,0,0
2016-08-31,7.099999904632568,7.670000076293945,7.099999904632568,7.480000019073486,3895400,0,0
2016-09-01,7.440000057220459,7.71999979019165,7.360000133514404,7.630000114440918,1654900,0,0
2016-09-02,7.650000095367432,7.909999847412109,7.610000133514404,7.869999885559082,1781800,0,0
2016-09-06,7.400000095367432,7.630000114440918,7.360000133514404,7.599999904632568,1496100,0,0
2016-09-07,7.630000114440918,7.75,7.550000190734863,7.75,927700,0,0
2016-09-08,7.75,7.809999942779541,7.539999961853027,7.699999809265137,653100,0,0
2016-09-09,7.739999771118164,7.739999771118164,7.239999771118164,7.380000114440918,1798700,0,0
2016-09-12,7.25,7.409999847412109,7.179999828338623,7.340000152587891,1197400,0,0
2016-09-13,7.119999885559082,7.21999979019165,6.78000020980835,6.989999771118164,1182400,0,0
2016-09-14,7.039999961853027,7.139999866485596,6.940000057220459,7.019999980926514,526400,0,0
2016-09-15,6.960000038146973,7.21999979019165,6.849999904632568,7.130000114440918,550300,0,0
2016-09-16,7.070000171661377,7.079999923706055,6.909999847412109,7.010000228881836,713100,0,0
2016-09-19,7.010000228881836,7.170000076293945,7.010000228881836,7.099999904632568,516000,0,0
2016-09-20,7.179999828338623,7.28000020980835,6.889999866485596,7.019999980926514,236600,0,0
2016-09-21,7.099999904632568,7.269999980926514,7.039999961853027,7.21999979019165,501300,0,0
2016-09-22,7.329999923706055,7.449999809265137,7.289999961853027,7.340000152587891,410300,0,0
2016-09-23,7.360000133514404,7.400000095367432,7.179999828338623,7.199999809265137,456400,0,0
2016-09-26,7.179999828338623,7.239999771118164,7.039999961853027,7.059999942779541,345700,0,0
2016-09-27,7.0,7.159999847412109,6.860000133514404,7.159999847412109,322200,0,0
2016-09-28,7.260000228881836,7.28000020980835,7.190000057220459,7.230000019073486,743700,0,0
2016-09-29,7.199999809265137,7.320000171661377,7.03000020980835,7.119999885559082,723800,0,0
2016-09-30,7.159999847412109,7.21999979019165,6.960000038146973,7.199999809265137,507600,0,0
2016-10-03,7.289999961853027,7.309999942779541,6.96999979019165,7.010000228881836,378100,0,0
2016-10-04,6.980000019073486,7.079999923706055,6.889999866485596,6.920000076293945,356700,0,0
2016-10-05,6.989999771118164,7.139999866485596,6.940000057220459,7.0,580500,0,0
2016-10-06,6.909999847412109,7.070000171661377,6.860000133514404,6.980000019073486,280800,0,0
2016-10-07,7.0,7.070000171661377,6.849999904632568,6.900000095367432,400700,0,0
2016-10-10,6.96999979019165,7.159999847412109,6.78000020980835,6.809999942779541,521600,0,0
2016-10-11,6.699999809265137,6.820000171661377,6.559999942779541,6.639999866485596,471400,0,0
2016-10-12,6.639999866485596,6.690000057220459,6.5,6.579999923706055,389000,0,0
2016-10-13,6.5,6.5,6.179999828338623,6.21999979019165,717300,0,0
2016-10-14,6.260000228881836,6.28000020980835,6.119999885559082,6.159999847412109,543000,0,0
2016-10-17,6.199999809265137,6.300000190734863,6.050000190734863,6.150000095367432,473700,0,0
2016-10-18,6.199999809265137,6.349999904632568,6.130000114440918,6.349999904632568,642900,0,0
2016-10-19,6.349999904632568,6.449999809265137,6.300000190734863,6.300000190734863,527800,0,0
2016-10-20,6.25,6.329999923706055,5.75,5.849999904632568,1098100,0,0
2016-10-21,5.800000190734863,5.900000095367432,5.550000190734863,5.599999904632568,739100,0,0
2016-10-24,5.75,5.800000190734863,5.5,5.550000190734863,684000,0,0
2016-10-25,5.599999904632568,5.800000190734863,5.449999809265137,5.5,639500,0,0
2016-10-26,5.550000190734863,5.800000190734863,5.429999828338623,5.5,964500,0,0
2016-10-27,5.550000190734863,5.650000095367432,4.849999904632568,5.199999809265137,2214100,0,0
2016-10-28,5.349999904632568,5.5,5.199999809265137,5.25,604800,0,0
2016-10-31,5.349999904632568,5.349999904632568,5.150000095367432,5.25,563600,0,0
2016-11-01,5.25,5.349999904632568,4.949999809265137,5.099999904632568,1175000,0,0
2016-11-02,5.199999809265137,5.349999904632568,5.03000020980835,5.199999809265137,1257900,0,0
2016-11-03,5.150000095367432,5.300000190734863,5.050000190734863,5.150000095367432,594900,0,0
2016-11-04,5.199999809265137,5.300000190734863,5.150000095367432,5.300000190734863,291800,0,0
2016-11-07,5.599999904632568,5.650000095367432,5.349999904632568,5.550000190734863,931900,0,0
2016-11-08,5.449999809265137,5.650000095367432,5.400000095367432,5.550000190734863,1182100,0,0
2016-11-09,5.599999904632568,5.849999904632568,5.550000190734863,5.699999809265137,588400,0,0
2016-11-10,6.0,6.5,5.679999828338623,5.900000095367432,1207900,0,0
2016-11-11,6.0,6.199999809265137,5.75,6.099999904632568,795900,0,0
2016-11-14,6.150000095367432,6.300000190734863,5.949999809265137,6.050000190734863,1141900,0,0
2016-11-15,5.949999809265137,6.230000019073486,5.949999809265137,6.199999809265137,807400,0,0
2016-11-16,6.25,6.349999904632568,6.099999904632568,6.300000190734863,537200,0,0
2016-11-17,6.25,6.5,6.099999904632568,6.150000095367432,559400,0,0
2016-11-18,6.150000095367432,6.150000095367432,6.019999980926514,6.050000190734863,273200,0,0
2016-11-21,6.199999809265137,6.199999809265137,6.0,6.099999904632568,356100,0,0
2016-11-22,6.150000095367432,6.300000190734863,6.0,6.050000190734863,425500,0,0
2016-11-23,6.300000190734863,6.75,6.179999828338623,6.449999809265137,1466600,0,0
2016-11-25,6.5,6.619999885559082,6.349999904632568,6.400000095367432,162200,0,0
2016-11-28,6.349999904632568,6.349999904632568,6.0,6.050000190734863,502400,0,0
2016-11-29,6.150000095367432,6.25,5.900000095367432,6.0,603100,0,0
2016-11-30,6.0,6.199999809265137,5.949999809265137,6.099999904632568,567100,0,0
2016-12-01,6.050000190734863,6.349999904632568,6.0,6.349999904632568,805200,0,0
2016-12-02,6.25,6.550000190734863,6.179999828338623,6.449999809265137,503700,0,0
2016-12-05,6.550000190734863,6.800000190734863,6.400000095367432,6.650000095367432,1006100,0,0
2016-12-06,6.849999904632568,6.849999904632568,6.5,6.800000190734863,580600,0,0
2016-12-07,6.800000190734863,6.949999809265137,6.599999904632568,6.650000095367432,782700,0,0
2016-12-08,6.75,6.75,6.650000095367432,6.75,362000,0,0
2016-12-09,6.800000190734863,6.900000095367432,6.550000190734863,6.599999904632568,583900,0,0
2016-12-12,6.599999904632568,6.699999809265137,6.25,6.300000190734863,303600,0,0
2016-12-13,6.400000095367432,6.53000020980835,6.25,6.349999904632568,316200,0,0
2016-12-14,6.300000190734863,6.400000095367432,6.150000095367432,6.199999809265137,328200,0,0
2016-12-15,6.099999904632568,6.349999904632568,6.099999904632568,6.25,689000,0,0
2016-12-16,6.25,6.25,6.050000190734863,6.150000095367432,360800,0,0
2016-12-19,6.150000095367432,6.199999809265137,5.949999809265137,6.0,538400,0,0
2016-12-20,6.050000190734863,6.150000095367432,5.900000095367432,6.099999904632568,912600,0,0
2016-12-21,6.099999904632568,6.099999904632568,6.0,6.050000190734863,465900,0,0
2016-12-22,6.050000190734863,6.150000095367432,6.0,6.050000190734863,438900,0,0
2016-12-23,6.099999904632568,6.099999904632568,6.0,6.099999904632568,340600,0,0
2016-12-27,6.099999904632568,6.150000095367432,6.050000190734863,6.099999904632568,190000,0,0
2016-12-28,6.099999904632568,6.150000095367432,5.900000095367432,6.0,409200,0,0
2016-12-29,6.0,6.099999904632568,5.900000095367432,5.949999809265137,384600,0,0
2016-12-30,6.0,6.0,5.75,5.900000095367432,362700,0,0
2017-01-03,6.0,6.179999828338623,5.900000095367432,6.099999904632568,2248100,0,0
2017-01-04,6.199999809265137,6.300000190734863,6.150000095367432,6.300000190734863,727800,0,0
2017-01-05,6.300000190734863,6.349999904632568,6.150000095367432,6.300000190734863,369500,0,0
2017-01-06,6.349999904632568,6.380000114440918,6.25,6.300000190734863,200300,0,0
2017-01-09,6.300000190734863,6.300000190734863,6.150000095367432,6.199999809265137,359300,0,0
2017-01-10,6.300000190734863,6.650000095367432,6.300000190734863,6.650000095367432,513900,0,0
2017-01-11,6.650000095367432,6.699999809265137,6.5,6.650000095367432,741500,0,0
2017-01-12,6.699999809265137,6.949999809265137,6.599999904632568,6.599999904632568,751100,0,0
2017-01-13,6.650000095367432,7.0,6.650000095367432,6.849999904632568,939400,0,0
2017-01-17,6.900000095367432,7.099999904632568,6.849999904632568,7.0,643000,0,0
2017-01-18,6.949999809265137,7.0,6.849999904632568,6.900000095367432,413300,0,0
2017-01-19,6.849999904632568,7.050000190734863,6.599999904632568,7.0,716200,0,0
2017-01-20,6.949999809265137,7.099999904632568,6.75,7.0,466500,0,0
2017-01-23,7.0,7.079999923706055,6.849999904632568,6.900000095367432,468800,0,0
2017-01-24,7.050000190734863,7.300000190734863,6.929999828338623,7.300000190734863,1046800,0,0
2017-01-25,7.300000190734863,7.75,7.25,7.699999809265137,1321800,0,0
2017-01-26,7.699999809265137,7.800000190734863,7.449999809265137,7.650000095367432,853600,0,0
2017-01-27,7.650000095367432,7.880000114440918,7.5,7.75,1299700,0,0
2017-01-30,7.699999809265137,7.800000190734863,7.329999923706055,7.550000190734863,785000,0,0
2017-01-31,7.650000095367432,7.650000095367432,7.260000228881836,7.5,555600,0,0
2017-02-01,7.5,7.949999809265137,7.5,7.849999904632568,742800,0,0
2017-02-02,7.900000095367432,7.949999809265137,7.449999809265137,7.5,1376900,0,0
2017-02-03,7.550000190734863,7.699999809265137,7.400000095367432,7.5,1009700,0,0
2017-02-06,7.5,7.599999904632568,7.349999904632568,7.400000095367432,668100,0,0
2017-02-07,7.400000095367432,7.550000190734863,7.349999904632568,7.449999809265137,645200,0,0
2017-02-08,7.5,7.550000190734863,7.349999904632568,7.449999809265137,769700,0,0
2017-02-09,7.5,7.75,7.5,7.550000190734863,904300,0,0
2017-02-10,7.650000095367432,7.800000190734863,7.5,7.550000190734863,942300,0,0
2017-02-13,7.699999809265137,8.649999618530273,7.550000190734863,8.199999809265137,3526200,0,0
2017-02-14,7.949999809265137,8.399999618530273,7.650000095367432,8.25,2111500,0,0
2017-02-15,8.199999809265137,8.3100004196167,8.0,8.149999618530273,704500,0,0
2017-02-16,8.100000381469727,8.300000190734863,7.900000095367432,7.949999809265137,630700,0,0
2017-02-17,7.900000095367432,8.300000190734863,7.800000190734863,8.199999809265137,606700,0,0
2017-02-21,8.300000190734863,8.75,8.260000228881836,8.699999809265137,1534000,0,0
2017-02-22,8.75,8.850000381469727,8.449999809265137,8.550000190734863,1072200,0,0
2017-02-23,8.5,8.75,8.0,8.300000190734863,1350500,0,0
2017-02-24,8.050000190734863,8.199999809265137,7.900000095367432,8.100000381469727,604000,0,0
2017-02-27,8.050000190734863,8.5,8.050000190734863,8.350000381469727,1969300,0,0
2017-02-28,8.300000190734863,8.350000381469727,8.100000381469727,8.149999618530273,692700,0,0
2017-03-01,8.300000190734863,8.479999542236328,8.199999809265137,8.300000190734863,786600,0,0
2017-03-02,8.25,8.399999618530273,8.100000381469727,8.100000381469727,893100,0,0
2017-03-03,8.100000381469727,8.25,8.050000190734863,8.199999809265137,1175800,0,0
2017-03-06,8.050000190734863,8.09000015258789,7.300000190734863,7.550000190734863,1241500,0,0
2017-03-07,7.550000190734863,7.699999809265137,7.300000190734863,7.599999904632568,899300,0,0
2017-03-08,7.650000095367432,7.800000190734863,7.300000190734863,7.5,921300,0,0
2017-03-09,6.550000190734863,7.199999809265137,6.349999904632568,6.849999904632568,4171700,0,0
2017-03-10,6.849999904632568,6.849999904632568,5.849999904632568,6.150000095367432,3116300,0,0
2017-03-13,6.099999904632568,6.349999904632568,5.75,6.300000190734863,2994800,0,0
2017-03-14,6.150000095367432,6.199999809265137,5.949999809265137,5.949999809265137,1369900,0,0
2017-03-15,6.050000190734863,6.099999904632568,5.599999904632568,5.949999809265137,2851800,0,0
2017-03-16,6.0,6.130000114440918,5.75,6.050000190734863,1358800,0,0
2017-03-17,6.0,6.150000095367432,6.0,6.099999904632568,1933900,0,0
2017-03-20,6.099999904632568,6.150000095367432,5.75,5.800000190734863,923000,0,0
2017-03-21,5.800000190734863,5.849999904632568,5.5,5.699999809265137,1355300,0,0
2017-03-22,5.75,5.78000020980835,5.349999904632568,5.550000190734863,1732000,0,0
2017-03-23,5.599999904632568,6.730000019073486,5.550000190734863,6.599999904632568,2431800,0,0
2017-03-24,6.599999904632568,6.75,6.150000095367432,6.199999809265137,1113600,0,0
2017-03-27,6.050000190734863,6.650000095367432,5.900000095367432,6.5,1470600,0,0
2017-03-28,6.5,6.900000095367432,6.349999904632568,6.849999904632568,1074000,0,0
2017-03-29,6.849999904632568,6.949999809265137,6.5,6.5,688900,0,0
2017-03-30,6.5,6.699999809265137,6.400000095367432,6.599999904632568,555500,0,0
2017-03-31,6.550000190734863,6.699999809265137,6.449999809265137,6.5,485400,0,0
2017-04-03,6.550000190734863,6.650000095367432,6.25,6.300000190734863,519600,0,0
2017-04-04,6.25,6.349999904632568,6.0,6.25,765900,0,0
2017-04-05,6.349999904632568,6.550000190734863,5.949999809265137,5.949999809265137,1098400,0,0
2017-04-06,5.949999809265137,6.079999923706055,5.900000095367432,5.949999809265137,561700,0,0
2017-04-07,5.949999809265137,6.050000190734863,5.949999809265137,6.0,326000,0,0
2017-04-10,6.0,6.050000190734863,5.800000190734863,6.0,926500,0,0
2017-04-11,5.949999809265137,6.0,5.800000190734863,6.0,728100,0,0
2017-04-12,5.900000095367432,5.900000095367432,5.599999904632568,5.599999904632568,1062600,0,0
2017-04-13,5.599999904632568,5.800000190734863,5.5,5.550000190734863,1916900,0,0
2017-04-17,5.599999904632568,5.650000095367432,5.380000114440918,5.449999809265137,1600300,0,0
2017-04-18,5.400000095367432,5.550000190734863,5.349999904632568,5.5,459600,0,0
2017-04-19,5.5,5.550000190734863,5.349999904632568,5.5,768400,0,0
2017-04-20,5.550000190734863,5.900000095367432,5.5,5.699999809265137,547100,0,0
2017-04-21,5.75,5.78000020980835,5.5,5.550000190734863,1020000,0,0
2017-04-24,5.75,5.800000190734863,5.5,5.599999904632568,987200,0,0
2017-04-25,5.699999809265137,6.199999809265137,5.650000095367432,6.099999904632568,1344900,0,0
2017-04-26,6.050000190734863,6.349999904632568,5.949999809265137,6.25,1065100,0,0
2017-04-27,6.849999904632568,7.25,6.179999828338623,6.550000190734863,2044300,0,0
2017-04-28,6.599999904632568,7.0,6.550000190734863,6.949999809265137,1687600,0,0
2017-05-01,6.949999809265137,7.25,6.800000190734863,7.150000095367432,2040300,0,0
2017-05-02,7.199999809265137,7.199999809265137,6.949999809265137,7.099999904632568,1779700,0,0
2017-05-03,7.0,7.199999809265137,6.800000190734863,7.050000190734863,1244500,0,0
2017-05-04,7.099999904632568,7.099999904632568,6.699999809265137,6.75,1503300,0,0
2017-05-05,6.75,6.900000095367432,6.449999809265137,6.650000095367432,845700,0,0
2017-05-08,6.599999904632568,6.800000190734863,6.449999809265137,6.550000190734863,419500,0,0
2017-05-09,6.550000190734863,6.75,6.5,6.599999904632568,725400,0,0
2017-05-10,6.599999904632568,6.699999809265137,6.449999809265137,6.5,618300,0,0
2017-05-11,6.550000190734863,6.650000095367432,6.400000095367432,6.400000095367432,568600,0,0
2017-05-12,6.449999809265137,6.5,6.349999904632568,6.349999904632568,519600,0,0
2017-05-15,6.449999809265137,6.550000190734863,6.400000095367432,6.5,655100,0,0
2017-05-16,6.550000190734863,6.550000190734863,6.349999904632568,6.449999809265137,396600,0,0
2017-05-17,6.400000095367432,6.400000095367432,6.130000114440918,6.199999809265137,515600,0,0
2017-05-18,6.25,6.349999904632568,6.050000190734863,6.099999904632568,566800,0,0
2017-05-19,6.099999904632568,6.449999809265137,6.099999904632568,6.300000190734863,365700,0,0
2017-05-22,6.300000190734863,6.75,6.199999809265137,6.400000095367432,736600,0,0
2017-05-23,6.349999904632568,6.550000190734863,6.349999904632568,6.5,383000,0,0
2017-05-24,6.5,7.0,6.400000095367432,6.599999904632568,647100,0,0
2017-05-25,6.699999809265137,6.849999904632568,6.400000095367432,6.400000095367432,663500,0,0
2017-05-26,6.400000095367432,6.900000095367432,6.300000190734863,6.650000095367432,627900,0,0
2017-05-30,6.599999904632568,7.0,6.599999904632568,6.849999904632568,1112200,0,0
2017-05-31,6.800000190734863,7.0,6.599999904632568,6.75,587000,0,0
2017-06-01,6.699999809265137,7.0,6.699999809265137,6.849999904632568,514500,0,0
2017-06-02,6.900000095367432,7.28000020980835,6.75,7.050000190734863,1172200,0,0
2017-06-05,7.0,7.150000095367432,6.949999809265137,7.099999904632568,477200,0,0
2017-06-06,7.050000190734863,7.349999904632568,6.949999809265137,7.050000190734863,895100,0,0
2017-06-07,7.050000190734863,7.150000095367432,7.0,7.050000190734863,566900,0,0
2017-06-08,7.050000190734863,7.25,6.900000095367432,7.150000095367432,836600,0,0
2017-06-09,7.199999809265137,7.25,7.03000020980835,7.150000095367432,540000,0,0
2017-06-12,7.099999904632568,7.400000095367432,7.099999904632568,7.349999904632568,970700,0,0
2017-06-13,7.449999809265137,7.599999904632568,7.25,7.300000190734863,888200,0,0
2017-06-14,7.349999904632568,7.349999904632568,6.920000076293945,7.0,393100,0,0
2017-06-15,6.900000095367432,6.949999809265137,6.75,6.800000190734863,317600,0,0
2017-06-16,6.800000190734863,6.900000095367432,6.599999904632568,6.650000095367432,363900,0,0
2017-06-19,6.699999809265137,6.849999904632568,6.599999904632568,6.650000095367432,365200,0,0
2017-06-20,6.650000095367432,6.849999904632568,6.599999904632568,6.650000095367432,235200,0,0
2017-06-21,6.599999904632568,6.900000095367432,6.599999904632568,6.800000190734863,449800,0,0
2017-06-22,6.849999904632568,6.949999809265137,6.699999809265137,6.900000095367432,411000,0,0
2017-06-23,6.900000095367432,6.980000019073486,6.800000190734863,6.849999904632568,508600,0,0
2017-06-26,6.900000095367432,7.0,6.699999809265137,6.75,513700,0,0
2017-06-27,6.699999809265137,7.050000190734863,6.699999809265137,6.900000095367432,410200,0,0
2017-06-28,6.900000095367432,7.0,6.75,6.849999904632568,435400,0,0
2017-06-29,6.849999904632568,6.980000019073486,6.78000020980835,6.949999809265137,316600,0,0
2017-06-30,6.949999809265137,7.050000190734863,6.599999904632568,6.900000095367432,1045300,0,0
2017-07-03,6.849999904632568,6.900000095367432,6.699999809265137,6.849999904632568,448000,0,0
2017-07-05,6.800000190734863,7.050000190734863,6.75,7.0,464600,0,0
2017-07-06,7.0,7.099999904632568,6.880000114440918,6.949999809265137,441300,0,0
2017-07-07,6.949999809265137,7.5,6.699999809265137,7.300000190734863,1558400,0,0
2017-07-10,7.25,7.400000095367432,7.150000095367432,7.400000095367432,1168100,0,0
2017-07-11,7.400000095367432,7.949999809265137,7.300000190734863,7.849999904632568,4265400,0,0
2017-07-12,7.949999809265137,8.100000381469727,7.650000095367432,8.100000381469727,1692400,0,0
2017-07-13,8.149999618530273,8.5,8.050000190734863,8.449999809265137,2235700,0,0
2017-07-14,8.5,8.600000381469727,8.25,8.25,1905600,0,0
2017-07-17,8.399999618530273,8.75,8.100000381469727,8.25,1642500,0,0
2017-07-18,8.25,8.350000381469727,8.0,8.25,870000,0,0
2017-07-19,8.199999809265137,8.350000381469727,8.050000190734863,8.100000381469727,589300,0,0
2017-07-20,8.100000381469727,8.149999618530273,7.849999904632568,8.050000190734863,827400,0,0
2017-07-21,8.0,8.149999618530273,7.880000114440918,8.0,634600,0,0
2017-07-24,8.050000190734863,8.100000381469727,7.880000114440918,7.949999809265137,446000,0,0
2017-07-25,8.050000190734863,8.25,7.949999809265137,8.0,848900,0,0
2017-07-26,8.100000381469727,8.699999809265137,8.050000190734863,8.199999809265137,2459800,0,0
2017-07-27,8.899999618530273,8.899999618530273,7.900000095367432,8.550000190734863,3803700,0,0
2017-07-28,8.449999809265137,8.800000190734863,7.920000076293945,8.199999809265137,4439500,0,0
2017-07-31,8.199999809265137,8.899999618530273,8.199999809265137,8.800000190734863,3692100,0,0
2017-08-01,8.850000381469727,8.949999809265137,8.25,8.350000381469727,2319800,0,0
2017-08-02,8.350000381469727,8.600000381469727,8.0,8.300000190734863,1912200,0,0
2017-08-03,8.25,9.199999809265137,8.050000190734863,8.649999618530273,8214900,0,0
2017-08-04,8.949999809265137,10.279999732971191,8.949999809265137,10.050000190734863,8213500,0,0
2017-08-07,10.050000190734863,10.199999809265137,9.680000305175781,10.0,2713600,0,0
2017-08-08,10.0,10.949999809265137,10.0,10.350000381469727,3031600,0,0
2017-08-09,10.300000190734863,10.449999809265137,10.0600004196167,10.350000381469727,1787000,0,0
2017-08-10,10.300000190734863,10.350000381469727,9.75,9.949999809265137,1912800,0,0
2017-08-11,9.899999618530273,10.069999694824219,9.510000228881836,9.649999618530273,2664000,0,0
2017-08-14,9.699999809265137,9.949999809265137,9.649999618530273,9.75,667500,0,0
2017-08-15,9.850000381469727,10.149999618530273,9.75,9.800000190734863,1818700,0,0
2017-08-16,9.899999618530273,10.399999618530273,9.899999618530273,10.199999809265137,843100,0,0
2017-08-17,10.199999809265137,10.399999618530273,10.020000457763672,10.149999618530273,836700,0,0
2017-08-18,10.100000381469727,10.350000381469727,9.850000381469727,10.100000381469727,550900,0,0
2017-08-21,10.149999618530273,10.449999809265137,10.050000190734863,10.149999618530273,538900,0,0
2017-08-22,10.149999618530273,10.300000190734863,10.0,10.149999618530273,634300,0,0
2017-08-23,10.100000381469727,10.529999732971191,10.050000190734863,10.449999809265137,628900,0,0
2017-08-24,10.449999809265137,10.649999618530273,10.25,10.300000190734863,996900,0,0
2017-08-25,10.399999618530273,10.5,10.25,10.300000190734863,543800,0,0
2017-08-28,10.300000190734863,10.399999618530273,10.050000190734863,10.25,326800,0,0
2017-08-29,10.199999809265137,10.550000190734863,10.100000381469727,10.399999618530273,524300,0,0
2017-08-30,10.399999618530273,10.649999618530273,10.350000381469727,10.449999809265137,1219600,0,0
2017-08-31,10.550000190734863,11.449999809265137,10.5,11.300000190734863,2085600,0,0
2017-09-01,11.449999809265137,11.699999809265137,11.300000190734863,11.550000190734863,1356000,0,0
2017-09-05,11.5,11.550000190734863,10.850000381469727,11.149999618530273,1107300,0,0
2017-09-06,11.199999809265137,11.449999809265137,11.100000381469727,11.449999809265137,996300,0,0
2017-09-07,11.350000381469727,11.399999618530273,11.100000381469727,11.25,540400,0,0
2017-09-08,11.149999618530273,11.149999618530273,10.649999618530273,10.850000381469727,812600,0,0
2017-09-11,11.0,11.0,10.649999618530273,10.75,680400,0,0
2017-09-12,10.800000190734863,10.880000114440918,10.199999809265137,10.600000381469727,1169400,0,0
2017-09-13,10.600000381469727,10.649999618530273,10.199999809265137,10.300000190734863,868200,0,0
2017-09-14,10.25,10.350000381469727,9.5,9.850000381469727,2258000,0,0
2017-09-15,9.899999618530273,9.949999809265137,9.5,9.699999809265137,1411100,0,0
2017-09-18,9.699999809265137,9.850000381469727,9.550000190734863,9.600000381469727,631000,0,0
2017-09-19,9.699999809265137,10.229999542236328,9.600000381469727,10.0,1000800,0,0
2017-09-20,10.149999618530273,10.300000190734863,9.949999809265137,10.25,1023600,0,0
2017-09-21,10.199999809265137,10.649999618530273,10.100000381469727,10.350000381469727,1074900,0,0
2017-09-22,10.25,10.430000305175781,10.149999618530273,10.300000190734863,290200,0,0
2017-09-25,10.300000190734863,10.380000114440918,10.149999618530273,10.300000190734863,484200,0,0
2017-09-26,10.350000381469727,10.399999618530273,9.800000190734863,9.899999618530273,681000,0,0
2017-09-27,10.0,10.180000305175781,9.850000381469727,10.050000190734863,418300,0,0
2017-09-28,9.949999809265137,10.430000305175781,9.899999618530273,10.199999809265137,676000,0,0
2017-09-29,10.300000190734863,10.350000381469727,10.199999809265137,10.25,405800,0,0
2017-10-02,10.300000190734863,10.479999542236328,10.25,10.300000190734863,794500,0,0
2017-10-03,10.399999618530273,10.699999809265137,10.300000190734863,10.550000190734863,824300,0,0
2017-10-04,10.600000381469727,11.0,10.550000190734863,10.899999618530273,1114200,0,0
2017-10-05,10.899999618530273,11.199999809265137,10.779999732971191,11.149999618530273,1323400,0,0
2017-10-06,11.100000381469727,11.449999809265137,10.949999809265137,11.350000381469727,810200,0,0
2017-10-09,11.350000381469727,11.350000381469727,11.050000190734863,11.199999809265137,666900,0,0
2017-10-10,11.25,11.25,10.5,10.600000381469727,1095200,0,0
2017-10-11,10.600000381469727,10.850000381469727,10.279999732971191,10.850000381469727,653600,0,0
2017-10-12,10.899999618530273,11.050000190734863,10.75,10.949999809265137,731300,0,0
2017-10-13,11.100000381469727,11.350000381469727,10.899999618530273,11.050000190734863,624700,0,0
2017-10-16,11.149999618530273,11.15999984741211,10.75,11.0,564700,0,0
2017-10-17,11.050000190734863,11.350000381469727,10.979999542236328,11.199999809265137,546000,0,0
2017-10-18,11.149999618530273,11.300000190734863,10.800000190734863,10.899999618530273,1102100,0,0
2017-10-19,10.850000381469727,10.850000381469727,10.399999618530273,10.75,466500,0,0
2017-10-20,10.800000190734863,10.899999618530273,10.699999809265137,10.850000381469727,356800,0,0
2017-10-23,10.949999809265137,10.949999809265137,10.600000381469727,10.75,387300,0,0
2017-10-24,10.850000381469727,10.920000076293945,10.699999809265137,10.75,449900,0,0
2017-10-25,10.699999809265137,10.699999809265137,10.3100004196167,10.399999618530273,1002200,0,0
2017-10-26,11.5,12.449999809265137,11.300000190734863,11.5,4773900,0,0
2017-10-27,11.600000381469727,12.199999809265137,11.25,12.149999618530273,2321600,0,0
2017-10-30,12.149999618530273,12.449999809265137,11.949999809265137,12.100000381469727,1049000,0,0
2017-10-31,11.300000190734863,11.579999923706055,10.899999618530273,11.199999809265137,4378600,0,0
2017-11-01,11.449999809265137,11.75,11.050000190734863,11.100000381469727,13784700,0,0
2017-11-02,11.050000190734863,11.600000381469727,11.0,11.550000190734863,3515500,0,0
2017-11-03,11.550000190734863,11.600000381469727,11.300000190734863,11.550000190734863,1989400,0,0
2017-11-06,11.5,11.649999618530273,11.350000381469727,11.5,1008500,0,0
2017-11-07,11.5,11.600000381469727,11.079999923706055,11.149999618530273,2268200,0,0
2017-11-08,11.100000381469727,11.149999618530273,10.479999542236328,10.899999618530273,2288800,0,0
2017-11-09,10.75,10.75,9.899999618530273,10.149999618530273,3881500,0,0
2017-11-10,10.149999618530273,10.350000381469727,9.899999618530273,10.25,1752800,0,0
2017-11-13,10.199999809265137,10.350000381469727,10.050000190734863,10.050000190734863,1131700,0,0
2017-11-14,9.899999618530273,10.149999618530273,9.25,9.550000190734863,3168700,0,0
2017-11-15,9.449999809265137,9.550000190734863,9.069999694824219,9.149999618530273,3578000,0,0
2017-11-16,9.800000190734863,10.0,9.600000381469727,9.75,2391300,0,0
2017-11-17,9.699999809265137,10.149999618530273,9.680000305175781,10.100000381469727,1196000,0,0
2017-11-20,10.050000190734863,10.149999618530273,9.850000381469727,9.899999618530273,930700,0,0
2017-11-21,9.850000381469727,10.050000190734863,9.800000190734863,9.949999809265137,915100,0,0
2017-11-22,10.0,10.279999732971191,10.0,10.199999809265137,757700,0,0
2017-11-24,10.449999809265137,10.449999809265137,10.100000381469727,10.199999809265137,356600,0,0
2017-11-27,10.5,10.649999618530273,10.149999618530273,10.25,1687600,0,0
2017-11-28,10.199999809265137,10.600000381469727,10.149999618530273,10.350000381469727,1157500,0,0
2017-11-29,10.350000381469727,10.550000190734863,10.199999809265137,10.300000190734863,1067500,0,0
2017-11-30,10.449999809265137,10.630000114440918,10.300000190734863,10.600000381469727,931400,0,0
2017-12-01,10.600000381469727,10.949999809265137,10.449999809265137,10.649999618530273,1530300,0,0
2017-12-04,10.699999809265137,10.800000190734863,10.329999923706055,10.5,1140800,0,0
2017-12-05,10.399999618530273,10.649999618530273,10.350000381469727,10.449999809265137,690000,0,0
2017-12-06,10.399999618530273,10.5,10.029999732971191,10.149999618530273,686100,0,0
2017-12-07,10.199999809265137,10.399999618530273,10.100000381469727,10.100000381469727,491900,0,0
2017-12-08,10.199999809265137,10.199999809265137,9.850000381469727,10.0,761800,0,0
2017-12-11,10.0,10.25,10.0,10.199999809265137,802500,0,0
2017-12-12,10.25,10.300000190734863,10.050000190734863,10.100000381469727,735600,0,0
2017-12-13,10.0,10.199999809265137,9.850000381469727,9.949999809265137,1894800,0,0
2017-12-14,10.0,10.149999618530273,9.800000190734863,9.800000190734863,802700,0,0
2017-12-15,9.899999618530273,10.100000381469727,9.850000381469727,9.899999618530273,1344500,0,0
2017-12-18,10.0,10.100000381469727,9.949999809265137,9.949999809265137,918300,0,0
2017-12-19,10.0,10.350000381469727,9.899999618530273,10.350000381469727,2026700,0,0
2017-12-20,10.399999618530273,11.0,10.300000190734863,10.949999809265137,2463100,0,0
2017-12-21,10.899999618530273,10.949999809265137,10.449999809265137,10.899999618530273,1871100,0,0
2017-12-22,10.850000381469727,11.100000381469727,10.699999809265137,10.800000190734863,847700,0,0
2017-12-26,10.800000190734863,10.899999618530273,10.5,10.899999618530273,633000,0,0
2017-12-27,10.800000190734863,11.0,10.649999618530273,10.949999809265137,655500,0,0
2017-12-28,10.949999809265137,11.449999809265137,10.949999809265137,11.399999618530273,672400,0,0
2017-12-29,11.300000190734863,11.350000381469727,11.0,11.149999618530273,547300,0,0
2018-01-02,11.300000190734863,11.600000381469727,11.199999809265137,11.449999809265137,903700,0,0
2018-01-03,11.600000381469727,11.949999809265137,11.350000381469727,11.649999618530273,896600,0,0
2018-01-04,11.699999809265137,12.100000381469727,11.649999618530273,11.949999809265137,1177700,0,0
2018-01-05,11.899999618530273,12.0,11.600000381469727,11.800000190734863,592300,0,0
2018-01-08,11.75,11.949999809265137,11.649999618530273,11.850000381469727,441900,0,0
2018-01-09,11.800000190734863,11.899999618530273,11.5,11.75,641200,0,0
2018-01-10,11.850000381469727,12.100000381469727,11.699999809265137,11.75,2426900,0,0
2018-01-11,11.899999618530273,12.449999809265137,11.75,12.399999618530273,1344200,0,0
2018-01-12,12.350000381469727,12.449999809265137,12.25,12.350000381469727,1164500,0,0
2018-01-16,12.350000381469727,12.850000381469727,12.050000190734863,12.149999618530273,1816200,0,0
2018-01-17,12.100000381469727,12.550000190734863,12.100000381469727,12.449999809265137,1357500,0,0
2018-01-18,12.550000190734863,13.300000190734863,12.550000190734863,13.25,2865300,0,0
2018-01-19,13.149999618530273,13.5,12.600000381469727,13.050000190734863,2098400,0,0
2018-01-22,13.0,13.149999618530273,12.699999809265137,13.0,1314600,0,0
2018-01-23,12.800000190734863,13.300000190734863,12.649999618530273,13.050000190734863,1760900,0,0
2018-01-24,13.25,13.699999809265137,12.899999618530273,13.350000381469727,2820200,0,0
2018-01-25,13.300000190734863,13.5,12.949999809265137,13.149999618530273,1896400,0,0
2018-01-26,13.25,13.430000305175781,12.699999809265137,13.050000190734863,1310200,0,0
2018-01-29,12.899999618530273,13.149999618530273,12.75,12.899999618530273,1000300,0,0
2018-01-30,12.75,13.050000190734863,12.25,12.75,1156100,0,0
2018-01-31,12.850000381469727,12.949999809265137,12.550000190734863,12.850000381469727,977100,0,0
2018-02-01,12.899999618530273,14.100000381469727,12.899999618530273,13.949999809265137,4169100,0,0
2018-02-02,13.75,13.899999618530273,12.899999618530273,13.100000381469727,2617100,0,0
2018-02-05,12.699999809265137,13.300000190734863,12.649999618530273,12.699999809265137,1397100,0,0
2018-02-06,12.550000190734863,13.199999809265137,12.399999618530273,12.949999809265137,1690900,0,0
2018-02-07,12.949999809265137,13.5,12.850000381469727,12.949999809265137,1162000,0,0
2018-02-08,13.0,13.149999618530273,12.079999923706055,12.25,1436300,0,0
2018-02-09,12.550000190734863,12.600000381469727,11.399999618530273,12.0,2094200,0,0
2018-02-12,12.100000381469727,12.550000190734863,11.850000381469727,12.350000381469727,1358300,0,0
2018-02-13,12.25,12.449999809265137,12.050000190734863,12.149999618530273,689200,0,0
2018-02-14,11.949999809265137,12.899999618530273,11.9399995803833,12.649999618530273,1127700,0,0
2018-02-15,12.800000190734863,12.850000381469727,12.25,12.699999809265137,2086300,0,0
2018-02-16,12.75,13.100000381469727,12.449999809265137,12.800000190734863,1292800,0,0
2018-02-20,12.550000190734863,12.899999618530273,12.449999809265137,12.649999618530273,940000,0,0
2018-02-21,12.75,12.75,12.100000381469727,12.199999809265137,2184500,0,0
2018-02-22,13.399999618530273,13.75,12.449999809265137,12.899999618530273,3048300,0,0
2018-02-23,13.100000381469727,13.399999618530273,12.979999542236328,13.050000190734863,2067400,0,0
2018-02-26,13.100000381469727,13.180000305175781,12.399999618530273,12.5,2458800,0,0
2018-02-27,12.399999618530273,12.649999618530273,11.949999809265137,12.0,2366400,0,0
2018-02-28,12.0,12.279999732971191,11.600000381469727,11.600000381469727,2230700,0,0
2018-03-01,11.75,12.100000381469727,11.579999923706055,11.649999618530273,1447000,0,0
2018-03-02,11.550000190734863,12.100000381469727,11.350000381469727,11.75,1762600,0,0
2018-03-05,11.699999809265137,12.029999732971191,11.600000381469727,11.850000381469727,1450800,0,0
2018-03-06,12.0,12.300000190734863,11.899999618530273,12.199999809265137,680700,0,0
2018-03-07,12.0,12.350000381469727,11.850000381469727,12.149999618530273,1026500,0,0
2018-03-08,12.100000381469727,12.199999809265137,11.779999732971191,12.100000381469727,797600,0,0
2018-03-09,12.149999618530273,12.300000190734863,11.970000267028809,12.149999618530273,892900,0,0
2018-03-12,12.199999809265137,12.350000381469727,11.75,11.899999618530273,924700,0,0
2018-03-13,11.899999618530273,12.199999809265137,11.800000190734863,11.850000381469727,677100,0,0
2018-03-14,12.0,12.0,11.449999809265137,11.550000190734863,1199000,0,0
2018-03-15,11.600000381469727,11.649999618530273,11.399999618530273,11.600000381469727,725200,0,0
2018-03-16,11.649999618530273,11.899999618530273,11.550000190734863,11.899999618530273,884900,0,0
2018-03-19,11.800000190734863,11.949999809265137,11.550000190734863,11.800000190734863,935700,0,0
2018-03-20,11.949999809265137,12.149999618530273,11.75,11.800000190734863,626400,0,0
2018-03-21,11.800000190734863,12.279999732971191,11.800000190734863,12.0,523700,0,0
2018-03-22,11.899999618530273,11.949999809265137,11.300000190734863,11.399999618530273,1755400,0,0
2018-03-23,11.449999809265137,11.699999809265137,10.600000381469727,10.649999618530273,2004300,0,0
2018-03-26,10.899999618530273,10.949999809265137,10.649999618530273,10.850000381469727,1112800,0,0
2018-03-27,10.949999809265137,11.0,10.600000381469727,10.649999618530273,1052300,0,0
2018-03-28,10.600000381469727,10.75,10.199999809265137,10.300000190734863,1262400,0,0
2018-03-29,10.350000381469727,10.899999618530273,10.350000381469727,10.850000381469727,1228300,0,0
2018-04-02,10.75,10.949999809265137,10.300000190734863,10.449999809265137,652700,0,0
2018-04-03,10.449999809265137,10.800000190734863,10.399999618530273,10.5,808600,0,0
2018-04-04,10.25,10.550000190734863,10.0,10.550000190734863,1271100,0,0
2018-04-05,10.550000190734863,11.199999809265137,10.550000190734863,11.100000381469727,906000,0,0
2018-04-06,11.0,11.149999618530273,10.850000381469727,11.050000190734863,956900,0,0
2018-04-09,11.149999618530273,11.350000381469727,10.960000038146973,11.300000190734863,951200,0,0
2018-04-10,11.5,11.649999618530273,11.380000114440918,11.600000381469727,1159400,0,0
2018-04-11,11.550000190734863,11.699999809265137,11.449999809265137,11.600000381469727,804700,0,0
2018-04-12,11.75,11.800000190734863,11.5,11.75,1034300,0,0
2018-04-13,11.899999618530273,11.899999618530273,11.649999618530273,11.800000190734863,660100,0,0
2018-04-16,11.850000381469727,11.949999809265137,11.699999809265137,11.75,512200,0,0
2018-04-17,11.800000190734863,11.899999618530273,11.550000190734863,11.800000190734863,606800,0,0
2018-04-18,11.899999618530273,12.149999618530273,11.649999618530273,11.699999809265137,1514000,0,0
2018-04-19,11.850000381469727,11.850000381469727,11.449999809265137,11.550000190734863,1042500,0,0
2018-04-20,11.449999809265137,11.550000190734863,11.149999618530273,11.199999809265137,1412200,0,0
2018-04-23,11.149999618530273,11.449999809265137,10.979999542236328,11.100000381469727,827800,0,0
2018-04-24,11.199999809265137,11.300000190734863,10.600000381469727,10.850000381469727,1046600,0,0
2018-04-25,10.75,11.199999809265137,10.600000381469727,11.100000381469727,1318100,0,0
2018-04-26,11.350000381469727,12.199999809265137,11.350000381469727,11.699999809265137,2700300,0,0
2018-04-27,12.149999618530273,12.300000190734863,11.25,11.649999618530273,1761700,0,0
2018-04-30,11.449999809265137,11.75,11.25,11.350000381469727,1356700,0,0
2018-05-01,11.300000190734863,11.300000190734863,10.899999618530273,11.149999618530273,864100,0,0
2018-05-02,11.25,11.350000381469727,11.100000381469727,11.100000381469727,654600,0,0
2018-05-03,11.050000190734863,11.300000190734863,10.899999618530273,11.149999618530273,504300,0,0
2018-05-04,11.0,11.399999618530273,10.949999809265137,11.350000381469727,1052400,0,0
2018-05-07,11.350000381469727,11.699999809265137,11.300000190734863,11.550000190734863,636300,0,0
2018-05-08,11.5,11.600000381469727,11.25,11.350000381469727,951800,0,0
2018-05-09,11.449999809265137,11.550000190734863,11.229999542236328,11.350000381469727,515700,0,0
2018-05-10,11.350000381469727,11.850000381469727,11.350000381469727,11.399999618530273,781000,0,0
2018-05-11,11.399999618530273,11.529999732971191,11.350000381469727,11.399999618530273,474000,0,0
2018-05-14,11.449999809265137,11.5,11.350000381469727,11.350000381469727,278800,0,0
2018-05-15,11.300000190734863,11.949999809265137,11.210000038146973,11.75,1598400,0,0
2018-05-16,11.899999618530273,12.199999809265137,11.699999809265137,12.100000381469727,1397800,0,0
2018-05-17,12.149999618530273,12.399999618530273,12.050000190734863,12.350000381469727,1384400,0,0
2018-05-18,12.300000190734863,12.479999542236328,12.199999809265137,12.449999809265137,692500,0,0
2018-05-21,12.5,12.600000381469727,12.329999923706055,12.600000381469727,591200,0,0
2018-05-22,12.600000381469727,12.800000190734863,12.350000381469727,12.350000381469727,648700,0,0
2018-05-23,12.25,12.5,12.100000381469727,12.25,484700,0,0
2018-05-24,12.199999809265137,12.399999618530273,12.0,12.050000190734863,363600,0,0
2018-05-25,11.949999809265137,12.100000381469727,11.75,12.100000381469727,448500,0,0
2018-05-29,11.949999809265137,12.100000381469727,11.829999923706055,11.949999809265137,765500,0,0
2018-05-30,12.050000190734863,12.199999809265137,11.949999809265137,12.100000381469727,651400,0,0
2018-05-31,12.100000381469727,12.399999618530273,11.850000381469727,12.149999618530273,4779900,0,0
2018-06-01,12.149999618530273,12.300000190734863,11.949999809265137,12.149999618530273,756300,0,0
2018-06-04,12.199999809265137,12.399999618530273,12.029999732971191,12.149999618530273,499700,0,0
2018-06-05,12.149999618530273,12.350000381469727,11.979999542236328,12.300000190734863,807800,0,0
2018-06-06,12.399999618530273,12.649999618530273,12.199999809265137,12.600000381469727,646700,0,0
2018-06-07,12.649999618530273,12.649999618530273,12.25,12.449999809265137,1103000,0,0
2018-06-08,12.449999809265137,12.550000190734863,12.050000190734863,12.100000381469727,491100,0,0
2018-06-11,12.050000190734863,12.550000190734863,12.0,12.399999618530273,630700,0,0
2018-06-12,12.399999618530273,12.600000381469727,12.350000381469727,12.550000190734863,410100,0,0
2018-06-13,12.550000190734863,12.550000190734863,12.300000190734863,12.399999618530273,398900,0,0
2018-06-14,12.399999618530273,12.600000381469727,12.149999618530273,12.5,719700,0,0
2018-06-15,12.5,12.550000190734863,12.300000190734863,12.399999618530273,691200,0,0
2018-06-18,12.399999618530273,12.550000190734863,12.149999618530273,12.25,332500,0,0
2018-06-19,12.050000190734863,12.149999618530273,11.729999542236328,12.050000190734863,544800,0,0
2018-06-20,12.050000190734863,12.100000381469727,11.850000381469727,11.899999618530273,400600,0,0
2018-06-21,11.899999618530273,11.949999809265137,11.050000190734863,11.050000190734863,1600800,0,0
2018-06-22,11.199999809265137,11.600000381469727,11.149999618530273,11.5,1145600,0,0
2018-06-25,11.350000381469727,11.399999618530273,10.5,10.600000381469727,1558800,0,0
2018-06-26,10.550000190734863,10.75,10.300000190734863,10.649999618530273,1492700,0,0
2018-06-27,10.75,11.0,10.529999732971191,10.600000381469727,1179900,0,0
2018-06-28,10.5,10.5,9.979999542236328,10.25,1448600,0,0
2018-06-29,10.199999809265137,10.600000381469727,10.199999809265137,10.300000190734863,813100,0,0
2018-07-02,10.25,10.350000381469727,10.100000381469727,10.300000190734863,1027200,0,0
2018-07-03,10.350000381469727,10.5,10.149999618530273,10.199999809265137,511800,0,0
2018-07-05,10.199999809265137,11.050000190734863,10.199999809265137,10.899999618530273,2342500,0,0
2018-07-06,10.850000381469727,10.949999809265137,10.5,10.850000381469727,691300,0,0
2018-07-09,10.899999618530273,11.399999618530273,10.899999618530273,11.25,625900,0,0
2018-07-10,11.199999809265137,11.300000190734863,10.899999618530273,11.0,553100,0,0
2018-07-11,10.899999618530273,11.0,10.600000381469727,10.600000381469727,622100,0,0
2018-07-12,10.699999809265137,10.850000381469727,10.649999618530273,10.75,445300,0,0
2018-07-13,10.75,11.050000190734863,10.75,10.899999618530273,624000,0,0
2018-07-16,11.050000190734863,11.5,10.979999542236328,11.25,1380200,0,0
2018-07-17,11.25,11.399999618530273,11.100000381469727,11.149999618530273,1185400,0,0
2018-07-18,11.100000381469727,11.550000190734863,11.100000381469727,11.5,500000,0,0
2018-07-19,11.300000190734863,11.300000190734863,10.729999542236328,10.800000190734863,990900,0,0
2018-07-20,10.850000381469727,10.949999809265137,10.649999618530273,10.75,788100,0,0
2018-07-23,10.800000190734863,11.300000190734863,10.75,11.100000381469727,1068100,0,0
2018-07-24,12.949999809265137,13.050000190734863,12.0,12.300000190734863,3362900,0,0
2018-07-25,12.550000190734863,12.850000381469727,12.100000381469727,12.449999809265137,2110500,0,0
2018-07-26,12.399999618530273,13.350000381469727,12.399999618530273,12.949999809265137,2943400,0,0
2018-07-27,13.0,13.050000190734863,12.479999542236328,12.850000381469727,1110300,0,0
2018-07-30,12.850000381469727,13.050000190734863,12.800000190734863,12.899999618530273,1021200,0,0
2018-07-31,12.899999618530273,13.25,12.899999618530273,13.100000381469727,981700,0,0
2018-08-01,13.149999618530273,13.350000381469727,12.850000381469727,12.850000381469727,756900,0,0
2018-08-02,12.850000381469727,12.899999618530273,12.5,12.600000381469727,482300,0,0
2018-08-03,12.550000190734863,12.699999809265137,12.300000190734863,12.399999618530273,518800,0,0
2018-08-06,12.399999618530273,12.5,12.199999809265137,12.399999618530273,576100,0,0
2018-08-07,12.600000381469727,12.850000381469727,12.399999618530273,12.449999809265137,523000,0,0
2018-08-08,12.600000381469727,12.600000381469727,12.300000190734863,12.350000381469727,473500,0,0
2018-08-09,12.399999618530273,12.449999809265137,12.180000305175781,12.300000190734863,454800,0,0
2018-08-10,12.199999809265137,12.300000190734863,11.949999809265137,12.25,490500,0,0
2018-08-13,12.199999809265137,12.229999542236328,11.75,11.899999618530273,683200,0,0
2018-08-14,11.949999809265137,12.0,11.75,11.850000381469727,764300,0,0
2018-08-15,11.649999618530273,11.649999618530273,11.199999809265137,11.399999618530273,853800,0,0
2018-08-16,11.550000190734863,11.649999618530273,11.199999809265137,11.25,783400,0,0
2018-08-17,11.300000190734863,11.399999618530273,11.069999694824219,11.300000190734863,588100,0,0
2018-08-20,11.300000190734863,11.550000190734863,11.199999809265137,11.399999618530273,556300,0,0
2018-08-21,11.350000381469727,11.800000190734863,11.350000381469727,11.600000381469727,442200,0,0
2018-08-22,11.550000190734863,11.699999809265137,11.449999809265137,11.5,419800,0,0
2018-08-23,11.550000190734863,11.600000381469727,11.25,11.25,618200,0,0
2018-08-24,11.350000381469727,11.899999618530273,11.279999732971191,11.75,597100,0,0
2018-08-27,11.850000381469727,12.279999732971191,11.699999809265137,12.149999618530273,448000,0,0
2018-08-28,12.25,12.399999618530273,11.699999809265137,11.899999618530273,464200,0,0
2018-08-29,11.850000381469727,12.180000305175781,11.800000190734863,12.0,365600,0,0
2018-08-30,12.050000190734863,12.050000190734863,11.449999809265137,11.5,522900,0,0
2018-08-31,11.399999618530273,11.699999809265137,11.350000381469727,11.649999618530273,467300,0,0
2018-09-04,11.550000190734863,11.579999923706055,11.25,11.399999618530273,574800,0,0
2018-09-05,11.550000190734863,11.649999618530273,11.100000381469727,11.5,854300,0,0
2018-09-06,11.449999809265137,11.699999809265137,11.050000190734863,11.050000190734863,803000,0,0
2018-09-07,11.0,11.300000190734863,10.800000190734863,11.050000190734863,1411000,0,0
2018-09-10,11.100000381469727,11.300000190734863,10.949999809265137,11.050000190734863,816200,0,0
2018-09-11,10.949999809265137,11.229999542236328,10.800000190734863,11.0,719700,0,0
2018-09-12,11.0,11.130000114440918,10.899999618530273,11.050000190734863,650600,0,0
2018-09-13,11.149999618530273,11.25,10.899999618530273,11.149999618530273,664100,0,0
2018-09-14,11.149999618530273,11.449999809265137,11.149999618530273,11.449999809265137,701100,0,0
2018-09-17,11.449999809265137,11.600000381469727,11.300000190734863,11.5,637700,0,0
2018-09-18,11.5,12.100000381469727,11.5,11.949999809265137,1551800,0,0
2018-09-19,11.949999809265137,12.699999809265137,11.899999618530273,12.449999809265137,1436300,0,0
2018-09-20,12.5,12.699999809265137,12.300000190734863,12.350000381469727,660300,0,0
2018-09-21,12.5,12.5,12.279999732971191,12.449999809265137,364100,0,0
2018-09-24,12.449999809265137,12.529999732971191,12.229999542236328,12.25,327800,0,0
2018-09-25,12.350000381469727,12.5,12.149999618530273,12.300000190734863,507000,0,0
2018-09-26,12.25,12.449999809265137,12.0,12.300000190734863,771700,0,0
2018-09-27,12.25,12.430000305175781,12.050000190734863,12.350000381469727,395500,0,0
2018-09-28,12.25,12.449999809265137,12.149999618530273,12.350000381469727,423800,0,0
2018-10-01,12.5,12.510000228881836,12.119999885559082,12.420000076293945,771800,0,0
2018-10-02,12.510000228881836,12.600000381469727,12.300000190734863,12.399999618530273,539200,0,0
2018-10-03,12.5,12.520000457763672,12.1899995803833,12.210000038146973,646900,0,0
2018-10-04,12.210000038146973,12.229999542236328,11.699999809265137,11.720000267028809,598400,0,0
2018-10-05,11.649999618530273,11.75,11.40999984741211,11.550000190734863,495000,0,0
2018-10-08,11.4399995803833,11.5,11.180000305175781,11.470000267028809,407800,0,0
2018-10-09,11.390000343322754,11.460000038146973,11.119999885559082,11.119999885559082,574500,0,0
2018-10-10,11.020000457763672,11.050000190734863,10.359999656677246,10.369999885559082,1645900,0,0
2018-10-11,10.300000190734863,10.649999618530273,10.149999618530273,10.149999618530273,2014200,0,0
2018-10-12,10.5,10.630000114440918,9.890000343322754,10.270000457763672,2290300,0,0
2018-10-15,10.300000190734863,10.350000381469727,10.100000381469727,10.15999984741211,836500,0,0
2018-10-16,10.300000190734863,10.34000015258789,10.149999618530273,10.319999694824219,722100,0,0
2018-10-17,10.359999656677246,10.609999656677246,10.170000076293945,10.40999984741211,686600,0,0
2018-10-18,10.34000015258789,10.5,9.859999656677246,9.869999885559082,993400,0,0
2018-10-19,9.899999618530273,9.9399995803833,9.5,9.649999618530273,1246600,0,0
2018-10-22,9.619999885559082,9.819999694824219,9.510000228881836,9.770000457763672,1047300,0,0
2018-10-23,9.5,9.569999694824219,9.289999961853027,9.4399995803833,1441200,0,0
2018-10-24,9.380000114440918,9.399999618530273,8.619999885559082,8.65999984741211,2636400,0,0
2018-10-25,8.850000381469727,9.460000038146973,8.15999984741211,9.180000305175781,2699600,0,0
2018-10-26,8.779999732971191,9.260000228881836,8.720000267028809,9.079999923706055,1632200,0,0
2018-10-29,9.220000267028809,9.579999923706055,8.75,8.800000190734863,1671900,0,0
2018-10-30,8.890000343322754,8.9399995803833,8.399999618530273,8.819999694824219,1896100,0,0
2018-10-31,9.020000457763672,9.369999885559082,8.899999618530273,9.0600004196167,1870600,0,0
2018-11-01,9.130000114440918,9.649999618530273,8.979999542236328,9.579999923706055,1310000,0,0
2018-11-02,9.65999984741211,9.760000228881836,9.229999542236328,9.479999542236328,1048400,0,0
2018-11-05,9.420000076293945,9.529999732971191,9.020000457763672,9.25,874100,0,0
2018-11-06,9.170000076293945,9.34000015258789,9.029999732971191,9.210000038146973,811300,0,0
2018-11-07,9.34000015258789,9.760000228881836,9.210000038146973,9.479999542236328,1242300,0,0
2018-11-08,9.420000076293945,9.449999809265137,9.050000190734863,9.15999984741211,604500,0,0
2018-11-09,9.050000190734863,9.149999618530273,8.649999618530273,8.8100004196167,1072100,0,0
2018-11-12,8.729999542236328,8.789999961853027,8.260000228881836,8.289999961853027,863500,0,0
2018-11-13,8.300000190734863,8.539999961853027,8.180000305175781,8.289999961853027,1491900,0,0
2018-11-14,8.369999885559082,8.5,8.039999961853027,8.100000381469727,1062100,0,0
2018-11-15,8.039999961853027,8.430000305175781,7.75,8.34000015258789,2470200,0,0
2018-11-16,8.329999923706055,8.569999694824219,8.239999771118164,8.550000190734863,770700,0,0
2018-11-19,8.460000038146973,8.460000038146973,8.079999923706055,8.119999885559082,767200,0,0
2018-11-20,7.920000076293945,7.940000057220459,7.340000152587891,7.420000076293945,2588100,0,0
2018-11-21,7.550000190734863,7.900000095367432,7.53000020980835,7.739999771118164,1161100,0,0
2018-11-23,7.610000133514404,7.659999847412109,7.429999828338623,7.570000171661377,415500,0,0
2018-11-26,7.630000114440918,8.079999923706055,7.599999904632568,7.960000038146973,1302400,0,0
2018-11-27,7.829999923706055,7.900000095367432,7.690000057220459,7.760000228881836,1389100,0,0
2018-11-28,7.860000133514404,8.489999771118164,7.849999904632568,8.470000267028809,1455800,0,0
2018-11-29,8.449999809265137,8.649999618530273,8.260000228881836,8.520000457763672,1077500,0,0
2018-11-30,8.510000228881836,8.529999732971191,8.279999732971191,8.390000343322754,969100,0,0
2018-12-03,8.699999809265137,9.029999732971191,8.600000381469727,8.949999809265137,1433800,0,0
2018-12-04,8.869999885559082,8.970000267028809,8.380000114440918,8.479999542236328,1081300,0,0
2018-12-06,8.199999809265137,8.199999809265137,7.849999904632568,8.1899995803833,1303600,0,0
2018-12-07,8.25,8.510000228881836,7.909999847412109,8.0,1280800,0,0
2018-12-10,7.960000038146973,8.0,7.409999847412109,7.909999847412109,1460100,0,0
2018-12-11,8.1899995803833,8.420000076293945,8.0,8.119999885559082,1177800,0,0
2018-12-12,8.319999694824219,8.800000190734863,8.130000114440918,8.399999618530273,1442600,0,0
2018-12-13,8.449999809265137,8.9399995803833,8.039999961853027,8.399999618530273,1987200,0,0
2018-12-14,8.270000457763672,8.289999961853027,7.679999828338623,7.710000038146973,1780500,0,0
2018-12-17,7.730000019073486,8.039999961853027,7.480000019073486,7.860000133514404,1331300,0,0
2018-12-18,7.949999809265137,8.170000076293945,7.860000133514404,7.889999866485596,1516000,0,0
2018-12-19,7.809999942779541,7.949999809265137,7.320000171661377,7.380000114440918,1432300,0,0
2018-12-20,7.400000095367432,7.550000190734863,6.900000095367432,7.130000114440918,1200600,0,0
2018-12-21,7.170000076293945,7.170000076293945,6.679999828338623,6.78000020980835,1146800,0,0
2018-12-24,6.670000076293945,6.730000019073486,6.46999979019165,6.489999771118164,819600,0,0
2018-12-26,6.590000152587891,6.840000152587891,6.260000228881836,6.840000152587891,2047500,0,0
2018-12-27,6.730000019073486,6.840000152587891,6.559999942779541,6.829999923706055,1340600,0,0
2018-12-28,6.800000190734863,6.96999979019165,6.559999942779541,6.880000114440918,2049500,0,0
2018-12-31,6.900000095367432,7.010000228881836,6.71999979019165,6.989999771118164,1251500,0,0
2019-01-02,6.739999771118164,7.159999847412109,6.630000114440918,7.119999885559082,805300,0,0
2019-01-03,7.050000190734863,7.059999942779541,6.730000019073486,6.800000190734863,954200,0,0
2019-01-04,7.019999980926514,7.550000190734863,6.960000038146973,7.300000190734863,1477500,0,0
2019-01-07,7.349999904632568,7.760000228881836,7.190000057220459,7.650000095367432,921800,0,0
2019-01-08,7.75,7.880000114440918,7.389999866485596,7.639999866485596,1553400,0,0
2019-01-09,7.730000019073486,8.09000015258789,7.639999866485596,7.980000019073486,1404200,0,0
2019-01-10,7.829999923706055,7.880000114440918,7.519999980926514,7.769999980926514,909000,0,0
2019-01-11,7.71999979019165,7.920000076293945,7.590000152587891,7.699999809265137,1305400,0,0
2019-01-14,7.630000114440918,7.630000114440918,7.420000076293945,7.53000020980835,788300,0,0
2019-01-15,7.590000152587891,7.78000020980835,7.46999979019165,7.739999771118164,809700,0,0
2019-01-16,7.760000228881836,8.239999771118164,7.650000095367432,8.100000381469727,1750200,0,0
2019-01-17,8.0,8.319999694824219,8.0,8.229999542236328,698500,0,0
2019-01-18,8.300000190734863,8.430000305175781,8.170000076293945,8.289999961853027,557200,0,0
2019-01-22,8.15999984741211,8.220000267028809,8.0,8.140000343322754,709300,0,0
2019-01-23,8.210000038146973,8.399999618530273,8.09000015258789,8.100000381469727,824000,0,0
2019-01-24,8.09000015258789,8.319999694824219,8.0,8.029999732971191,512100,0,0
2019-01-25,8.220000267028809,8.420000076293945,8.180000305175781,8.25,988600,0,0
2019-01-28,8.079999923706055,8.229999542236328,7.900000095367432,8.079999923706055,480300,0,0
2019-01-29,8.119999885559082,8.220000267028809,8.010000228881836,8.079999923706055,456700,0,0
2019-01-30,8.220000267028809,8.270000457763672,8.0600004196167,8.140000343322754,659600,0,0
2019-01-31,8.069999694824219,8.539999961853027,8.039999961853027,8.239999771118164,1538600,0,0
2019-02-01,8.260000228881836,8.899999618530273,8.260000228881836,8.649999618530273,891300,0,0
2019-02-04,8.59000015258789,8.890000343322754,8.510000228881836,8.869999885559082,1384900,0,0
2019-02-05,8.84000015258789,9.119999885559082,8.6899995803833,8.970000267028809,798400,0,0
2019-02-06,9.0,9.079999923706055,8.850000381469727,8.890000343322754,548400,0,0
2019-02-07,8.770000457763672,8.829999923706055,8.569999694824219,8.789999961853027,677100,0,0
2019-02-08,8.65999984741211,8.8100004196167,8.640000343322754,8.8100004196167,588500,0,0
2019-02-11,8.789999961853027,8.930000305175781,8.75,8.829999923706055,418700,0,0
2019-02-12,8.920000076293945,9.069999694824219,8.829999923706055,8.9399995803833,693900,0,0
2019-02-13,9.029999732971191,9.180000305175781,8.850000381469727,8.880000114440918,1164600,0,0
2019-02-14,8.819999694824219,8.869999885559082,8.640000343322754,8.649999618530273,762600,0,0
2019-02-15,8.670000076293945,9.079999923706055,8.670000076293945,9.069999694824219,1478900,0,0
2019-02-19,9.020000457763672,9.289999961853027,9.020000457763672,9.09000015258789,1414200,0,0
2019-02-20,9.149999618530273,9.5,9.079999923706055,9.449999809265137,1367900,0,0
2019-02-21,9.25,9.600000381469727,9.069999694824219,9.430000305175781,1197200,0,0
2019-02-22,9.460000038146973,9.699999809265137,9.270000457763672,9.319999694824219,1078900,0,0
2019-02-25,9.369999885559082,9.539999961853027,9.34000015258789,9.520000457763672,865000,0,0
2019-02-26,9.40999984741211,9.75,9.380000114440918,9.739999771118164,918700,0,0
2019-02-27,9.65999984741211,9.710000038146973,9.539999961853027,9.670000076293945,1071000,0,0
2019-02-28,9.649999618530273,9.699999809265137,9.390000343322754,9.460000038146973,738900,0,0
2019-03-01,9.550000190734863,9.619999885559082,9.430000305175781,9.489999771118164,681700,0,0
2019-03-04,9.550000190734863,9.579999923706055,9.229999542236328,9.399999618530273,523500,0,0
2019-03-05,9.380000114440918,9.430000305175781,9.180000305175781,9.25,487700,0,0
2019-03-06,9.239999771118164,9.239999771118164,8.8100004196167,8.90999984741211,836900,0,0
2019-03-07,8.890000343322754,8.890000343322754,8.260000228881836,8.460000038146973,2320700,0,0
2019-03-08,8.300000190734863,8.520000457763672,8.1899995803833,8.3100004196167,902300,0,0
2019-03-11,8.289999961853027,8.65999984741211,8.25,8.609999656677246,661200,0,0
2019-03-12,8.65999984741211,8.9399995803833,8.609999656677246,8.8100004196167,815500,0,0
2019-03-13,8.890000343322754,9.130000114440918,8.850000381469727,8.949999809265137,946100,0,0
2019-03-14,8.949999809265137,9.09000015258789,8.869999885559082,8.890000343322754,556900,0,0
2019-03-15,8.859999656677246,9.079999923706055,8.859999656677246,9.050000190734863,947100,0,0
2019-03-18,9.069999694824219,9.140000343322754,8.949999809265137,9.0,705500,0,0
2019-03-19,9.119999885559082,9.220000267028809,9.020000457763672,9.100000381469727,930300,0,0
2019-03-20,9.050000190734863,9.079999923706055,8.859999656677246,8.9399995803833,662300,0,0
2019-03-21,8.850000381469727,9.029999732971191,8.850000381469727,8.930000305175781,559900,0,0
2019-03-22,8.779999732971191,8.800000190734863,8.399999618530273,8.470000267028809,844900,0,0
2019-03-25,8.4399995803833,8.529999732971191,8.3100004196167,8.350000381469727,690900,0,0
2019-03-26,8.449999809265137,8.5,8.050000190734863,8.25,1138900,0,0
2019-03-27,8.239999771118164,8.300000190734863,8.010000228881836,8.029999732971191,521200,0,0
2019-03-28,8.039999961853027,8.180000305175781,7.949999809265137,7.960000038146973,839100,0,0
2019-03-29,8.0600004196167,8.15999984741211,7.920000076293945,7.980000019073486,1516200,0,0
2019-04-01,8.15999984741211,8.65999984741211,8.010000228881836,8.569999694824219,3240200,0,0
2019-04-02,8.539999961853027,8.630000114440918,8.390000343322754,8.4399995803833,595300,0,0
2019-04-03,8.510000228881836,8.859999656677246,8.479999542236328,8.800000190734863,2145700,0,0
2019-04-04,8.779999732971191,8.930000305175781,8.770000457763672,8.899999618530273,766700,0,0
2019-04-05,8.90999984741211,9.020000457763672,8.859999656677246,8.930000305175781,943900,0,0
2019-04-08,8.949999809265137,8.989999771118164,8.789999961853027,8.989999771118164,314500,0,0
2019-04-09,8.899999618530273,8.989999771118164,8.5600004196167,8.609999656677246,1836000,0,0
2019-04-10,8.649999618530273,8.90999984741211,8.59000015258789,8.8100004196167,666400,0,0
2019-04-11,8.770000457763672,8.890000343322754,8.720000267028809,8.819999694824219,667100,0,0
2019-04-12,8.9399995803833,9.119999885559082,8.789999961853027,8.829999923706055,1249100,0,0
2019-04-15,8.779999732971191,9.0600004196167,8.75,9.010000228881836,1912400,0,0
2019-04-16,9.020000457763672,9.210000038146973,8.989999771118164,9.199999809265137,1037900,0,0
2019-04-17,9.210000038146973,9.630000114440918,9.210000038146973,9.59000015258789,1533600,0,0
2019-04-18,9.600000381469727,9.670000076293945,9.15999984741211,9.399999618530273,860000,0,0
2019-04-22,9.300000190734863,9.520000457763672,9.1899995803833,9.520000457763672,541500,0,0
2019-04-23,9.5,9.579999923706055,9.350000381469727,9.40999984741211,2102800,0,0
2019-04-24,10.149999618530273,10.75,9.75,9.960000038146973,2730100,0,0
2019-04-25,9.770000457763672,9.9399995803833,9.5,9.699999809265137,1515900,0,0
2019-04-26,9.630000114440918,9.819999694824219,9.59000015258789,9.779999732971191,1437000,0,0
2019-04-29,9.779999732971191,9.869999885559082,9.430000305175781,9.489999771118164,1052000,0,0
2019-04-30,9.5,9.569999694824219,9.300000190734863,9.34000015258789,1584400,0,0
2019-05-01,9.34000015258789,9.479999542236328,9.109999656677246,9.109999656677246,739900,0,0
2019-05-02,9.100000381469727,9.170000076293945,8.819999694824219,8.989999771118164,1682200,0,0
2019-05-03,9.149999618530273,9.649999618530273,9.149999618530273,9.579999923706055,724700,0,0
2019-05-06,9.220000267028809,9.600000381469727,9.170000076293945,9.5600004196167,650900,0,0
2019-05-07,9.399999618530273,9.65999984741211,9.140000343322754,9.25,1132000,0,0
2019-05-08,9.210000038146973,9.430000305175781,9.149999618530273,9.25,1379100,0,0
2019-05-09,9.0600004196167,9.319999694824219,8.920000076293945,9.289999961853027,714500,0,0
2019-05-10,9.270000457763672,9.579999923706055,9.170000076293945,9.520000457763672,1150400,0,0
2019-05-13,9.350000381469727,9.350000381469727,8.899999618530273,9.0,776300,0,0
2019-05-14,9.029999732971191,9.279999732971191,9.029999732971191,9.109999656677246,593900,0,0
2019-05-15,8.9399995803833,9.170000076293945,8.890000343322754,9.09000015258789,1150400,0,0
2019-05-16,9.15999984741211,9.460000038146973,9.09000015258789,9.350000381469727,1127200,0,0
2019-05-17,9.199999809265137,9.5,9.119999885559082,9.220000267028809,753600,0,0
2019-05-20,9.119999885559082,9.289999961853027,9.069999694824219,9.15999984741211,468900,0,0
2019-05-21,9.210000038146973,9.40999984741211,9.170000076293945,9.380000114440918,662500,0,0
2019-05-22,9.289999961853027,9.369999885559082,9.149999618530273,9.220000267028809,890000,0,0
2019-05-23,9.0600004196167,9.079999923706055,8.819999694824219,8.880000114440918,852300,0,0
2019-05-24,8.920000076293945,9.020000457763672,8.819999694824219,8.9399995803833,571600,0,0
2019-05-28,8.930000305175781,9.020000457763672,8.699999809265137,8.8100004196167,545500,0,0
2019-05-29,8.699999809265137,8.800000190734863,8.550000190734863,8.789999961853027,566900,0,0
2019-05-30,8.75,9.020000457763672,8.65999984741211,8.720000267028809,339200,0,0
2019-05-31,8.470000267028809,8.520000457763672,8.15999984741211,8.170000076293945,893600,0,0
2019-06-03,8.199999809265137,8.390000343322754,8.109999656677246,8.350000381469727,1088800,0,0
2019-06-04,8.449999809265137,8.850000381469727,8.449999809265137,8.829999923706055,912400,0,0
2019-06-05,8.9399995803833,9.069999694824219,8.760000228881836,8.989999771118164,692000,0,0
2019-06-06,8.989999771118164,9.220000267028809,8.90999984741211,9.119999885559082,1205000,0,0
2019-06-07,9.199999809265137,9.40999984741211,9.09000015258789,9.359999656677246,1192900,0,0
2019-06-10,9.449999809265137,9.640000343322754,9.279999732971191,9.300000190734863,439700,0,0
2019-06-11,9.5,9.600000381469727,9.329999923706055,9.460000038146973,756600,0,0
2019-06-12,9.380000114440918,9.569999694824219,9.329999923706055,9.479999542236328,556900,0,0
2019-06-13,9.520000457763672,9.720000267028809,9.460000038146973,9.699999809265137,656800,0,0
2019-06-14,9.640000343322754,9.710000038146973,9.520000457763672,9.539999961853027,506300,0,0
2019-06-17,9.520000457763672,9.569999694824219,9.109999656677246,9.149999618530273,1090200,0,0
2019-06-18,9.239999771118164,9.569999694824219,9.239999771118164,9.489999771118164,1149700,0,0
2019-06-19,9.640000343322754,10.109999656677246,9.5600004196167,10.100000381469727,1420100,0,0
2019-06-20,10.3100004196167,10.380000114440918,10.0,10.100000381469727,705800,0,0
2019-06-21,10.09000015258789,10.109999656677246,9.869999885559082,9.890000343322754,964700,0,0
2019-06-24,9.84000015258789,9.9399995803833,9.59000015258789,9.609999656677246,468000,0,0
2019-06-25,9.649999618530273,9.90999984741211,9.550000190734863,9.739999771118164,396800,0,0
2019-06-26,9.819999694824219,10.069999694824219,9.729999542236328,10.069999694824219,1391300,0,0
2019-06-27,10.140000343322754,10.359999656677246,10.069999694824219,10.199999809265137,948400,0,0
2019-06-28,10.180000305175781,10.329999923706055,10.039999961853027,10.039999961853027,862500,0,0
2019-07-01,10.279999732971191,10.289999961853027,9.989999771118164,10.149999618530273,1448500,0,0
2019-07-02,10.199999809265137,10.220000267028809,10.0,10.050000190734863,468800,0,0
2019-07-03,10.09000015258789,10.1899995803833,10.010000228881836,10.140000343322754,293400,0,0
2019-07-05,10.010000228881836,10.149999618530273,9.710000038146973,10.109999656677246,345700,0,0
2019-07-08,9.979999542236328,10.100000381469727,9.8100004196167,9.850000381469727,928500,0,0
2019-07-09,10.079999923706055,10.079999923706055,9.649999618530273,9.979999542236328,1022500,0,0
2019-07-10,10.09000015258789,10.300000190734863,10.020000457763672,10.220000267028809,766300,0,0
2019-07-11,10.300000190734863,10.369999885559082,10.09000015258789,10.270000457763672,997300,0,0
2019-07-12,10.270000457763672,10.390000343322754,10.199999809265137,10.329999923706055,387200,0,0
2019-07-15,10.369999885559082,10.369999885559082,10.15999984741211,10.25,738900,0,0
2019-07-16,10.229999542236328,10.619999885559082,10.1899995803833,10.569999694824219,440300,0,0
2019-07-17,10.569999694824219,10.569999694824219,9.9399995803833,10.130000114440918,889500,0,0
2019-07-18,10.039999961853027,10.149999618530273,9.9399995803833,10.109999656677246,436200,0,0
2019-07-19,10.1899995803833,10.420000076293945,10.1899995803833,10.220000267028809,347100,0,0
2019-07-22,10.229999542236328,10.449999809265137,10.210000038146973,10.399999618530273,486000,0,0
2019-07-23,10.430000305175781,10.539999961853027,10.289999961853027,10.430000305175781,792100,0,0
2019-07-24,11.390000343322754,12.1899995803833,11.1899995803833,11.930000305175781,5778300,0,0
2019-07-25,12.0,12.84000015258789,11.880000114440918,12.65999984741211,3738300,0,0
2019-07-26,12.649999618530273,12.699999809265137,12.369999885559082,12.65999984741211,1566300,0,0
2019-07-29,12.699999809265137,12.920000076293945,12.579999923706055,12.890000343322754,1622700,0,0
2019-07-30,12.680000305175781,12.9399995803833,12.460000038146973,12.800000190734863,932400,0,0
2019-07-31,12.800000190734863,12.800000190734863,11.979999542236328,12.010000228881836,1858000,0,0
2019-08-01,12.020000457763672,12.149999618530273,11.770000457763672,12.069999694824219,1147100,0,0
2019-08-02,11.989999771118164,12.0,11.569999694824219,11.720000267028809,700600,0,0
2019-08-05,11.479999542236328,11.550000190734863,10.890000343322754,11.1899995803833,1667400,0,0
2019-08-06,11.3100004196167,11.489999771118164,11.0,11.390000343322754,1326000,0,0
2019-08-07,11.15999984741211,11.520000457763672,11.0600004196167,11.390000343322754,1220600,0,0
2019-08-08,11.460000038146973,12.170000076293945,11.460000038146973,12.050000190734863,997500,0,0
2019-08-09,11.890000343322754,11.90999984741211,11.59000015258789,11.760000228881836,1549200,0,0
2019-08-12,11.630000114440918,11.630000114440918,11.329999923706055,11.479999542236328,978100,0,0
2019-08-13,11.420000076293945,12.020000457763672,11.359999656677246,11.850000381469727,1189400,0,0
2019-08-14,11.4399995803833,11.449999809265137,10.819999694824219,10.84000015258789,1543600,0,0
2019-08-15,10.899999618530273,11.029999732971191,10.5,10.609999656677246,761900,0,0
2019-08-16,10.649999618530273,11.180000305175781,10.649999618530273,11.069999694824219,1103900,0,0
2019-08-19,11.329999923706055,11.720000267028809,11.300000190734863,11.699999809265137,963500,0,0
2019-08-20,11.649999618530273,11.819999694824219,11.619999885559082,11.65999984741211,917600,0,0
2019-08-21,11.880000114440918,11.920000076293945,11.5600004196167,11.720000267028809,393800,0,0
2019-08-22,11.75,11.869999885559082,11.3100004196167,11.619999885559082,532100,0,0
2019-08-23,11.430000305175781,11.699999809265137,11.039999961853027,11.119999885559082,538600,0,0
2019-08-26,11.300000190734863,11.359999656677246,11.029999732971191,11.25,365100,0,0
2019-08-27,11.369999885559082,11.489999771118164,10.970000267028809,11.050000190734863,535800,0,0
2019-08-28,10.970000267028809,11.5600004196167,10.970000267028809,11.5,664300,0,0
2019-08-29,11.739999771118164,12.010000228881836,11.65999984741211,11.899999618530273,814800,0,0
2019-08-30,11.979999542236328,12.069999694824219,11.869999885559082,12.039999961853027,652000,0,0
2019-09-03,11.890000343322754,11.979999542236328,11.550000190734863,11.640000343322754,696400,0,0
2019-09-04,11.869999885559082,12.100000381469727,11.729999542236328,11.949999809265137,806300,0,0
2019-09-05,12.109999656677246,12.279999732971191,12.010000228881836,12.130000114440918,608800,0,0
2019-09-06,12.100000381469727,12.329999923706055,12.069999694824219,12.149999618530273,478400,0,0
2019-09-09,12.15999984741211,12.489999771118164,12.140000343322754,12.40999984741211,593200,0,0
2019-09-10,12.359999656677246,12.800000190734863,12.279999732971191,12.789999961853027,1760700,0,0
2019-09-11,12.8100004196167,13.640000343322754,12.59000015258789,13.539999961853027,1986800,0,0
2019-09-12,13.529999732971191,13.9399995803833,13.449999809265137,13.920000076293945,2369100,0,0
2019-09-13,13.979999542236328,14.050000190734863,13.680000305175781,13.899999618530273,1163400,0,0
2019-09-16,13.619999885559082,14.15999984741211,13.619999885559082,14.0,1179600,0,0
2019-09-17,13.8100004196167,13.819999694824219,13.319999694824219,13.630000114440918,1532100,0,0
2019-09-18,13.550000190734863,13.630000114440918,13.210000038146973,13.5,1603500,0,0
2019-09-19,13.369999885559082,14.0,13.369999885559082,13.850000381469727,1102300,0,0
2019-09-20,13.859999656677246,13.970000267028809,13.59000015258789,13.649999618530273,1020100,0,0
2019-09-23,13.489999771118164,13.75,13.3100004196167,13.699999809265137,581400,0,0
2019-09-24,13.710000038146973,13.8100004196167,12.890000343322754,13.0600004196167,1512800,0,0
2019-09-25,13.029999732971191,13.329999923706055,12.829999923706055,13.270000457763672,1209100,0,0
2019-09-26,13.3100004196167,13.40999984741211,13.0600004196167,13.300000190734863,1168600,0,0
2019-09-27,13.34000015258789,13.619999885559082,12.859999656677246,12.970000267028809,639200,0,0
2019-09-30,13.010000228881836,13.010000228881836,12.619999885559082,12.710000038146973,1315600,0,0
2019-10-01,12.770000457763672,13.140000343322754,12.359999656677246,12.460000038146973,967900,0,0
2019-10-02,12.270000457763672,12.5600004196167,11.960000038146973,12.399999618530273,1116300,0,0
2019-10-03,12.289999961853027,12.420000076293945,12.0600004196167,12.199999809265137,802900,0,0
2019-10-04,12.260000228881836,12.600000381469727,12.140000343322754,12.579999923706055,1240300,0,0
2019-10-07,12.539999961853027,12.6899995803833,12.470000267028809,12.510000228881836,599800,0,0
2019-10-08,12.329999923706055,12.460000038146973,12.109999656677246,12.289999961853027,1334200,0,0
2019-10-09,12.449999809265137,12.619999885559082,12.140000343322754,12.470000267028809,617500,0,0
2019-10-10,12.579999923706055,12.850000381469727,12.569999694824219,12.720000267028809,918300,0,0
2019-10-11,13.359999656677246,13.489999771118164,13.130000114440918,13.350000381469727,971400,0,0
2019-10-14,13.180000305175781,13.350000381469727,13.050000190734863,13.229999542236328,571900,0,0
2019-10-15,13.569999694824219,13.949999809265137,13.399999618530273,13.729999542236328,1624800,0,0
2019-10-16,13.539999961853027,14.180000305175781,13.539999961853027,14.0,1803500,0,0
2019-10-17,14.140000343322754,14.220000267028809,13.819999694824219,13.970000267028809,1294500,0,0
2019-10-18,13.960000038146973,14.34000015258789,13.960000038146973,14.239999771118164,1569000,0,0
2019-10-21,14.399999618530273,14.5,14.25,14.430000305175781,1412500,0,0
2019-10-22,14.460000038146973,14.789999961853027,14.279999732971191,14.600000381469727,1933100,0,0
2019-10-23,14.109999656677246,14.449999809265137,13.170000076293945,13.680000305175781,3886200,0,0
2019-10-24,13.720000267028809,13.84000015258789,12.640000343322754,12.850000381469727,4372200,0,0
2019-10-25,12.729999542236328,13.420000076293945,12.460000038146973,13.119999885559082,2080800,0,0
2019-10-28,13.210000038146973,13.789999961853027,13.210000038146973,13.760000228881836,2114600,0,0
2019-10-29,13.670000076293945,13.720000267028809,13.130000114440918,13.210000038146973,1180600,0,0
2019-10-30,13.180000305175781,13.399999618530273,12.979999542236328,13.34000015258789,789400,0,0
2019-10-31,13.199999809265137,13.430000305175781,12.90999984741211,13.329999923706055,993400,0,0
2019-11-01,13.529999732971191,14.0,13.489999771118164,13.989999771118164,2017000,0,0
2019-11-04,14.0,14.390000343322754,14.0,14.180000305175781,1144000,0,0
2019-11-05,14.25,14.449999809265137,14.130000114440918,14.289999961853027,2210300,0,0
2019-11-06,14.300000190734863,14.369999885559082,14.050000190734863,14.15999984741211,1102000,0,0
2019-11-07,14.390000343322754,14.420000076293945,14.15999984741211,14.1899995803833,714900,0,0
2019-11-08,14.09000015258789,14.4399995803833,14.0,14.350000381469727,798800,0,0
2019-11-11,14.170000076293945,14.359999656677246,13.989999771118164,14.329999923706055,800300,0,0
2019-11-12,14.3100004196167,14.399999618530273,14.109999656677246,14.329999923706055,1068700,0,0
2019-11-13,14.220000267028809,14.550000190734863,14.149999618530273,14.430000305175781,2310600,0,0
2019-11-14,14.460000038146973,14.550000190734863,13.989999771118164,14.119999885559082,1147900,0,0
2019-11-15,14.239999771118164,14.800000190734863,14.239999771118164,14.289999961853027,2608300,0,0
2019-11-18,14.199999809265137,14.25,13.760000228881836,14.25,767000,0,0
2019-11-19,14.199999809265137,14.460000038146973,13.930000305175781,13.960000038146973,1057600,0,0
2019-11-20,13.850000381469727,14.079999923706055,13.59000015258789,13.890000343322754,691900,0,0
2019-11-21,13.899999618530273,14.079999923706055,13.8100004196167,13.970000267028809,663600,0,0
2019-11-22,13.869999885559082,14.170000076293945,13.619999885559082,13.65999984741211,799200,0,0
2019-11-25,13.789999961853027,14.15999984741211,13.65999984741211,14.09000015258789,666500,0,0
2019-11-26,14.0,14.25,13.960000038146973,14.229999542236328,671300,0,0
2019-11-27,14.279999732971191,14.520000457763672,14.149999618530273,14.470000267028809,463600,0,0
2019-11-29,14.430000305175781,14.479999542236328,13.970000267028809,14.140000343322754,278700,0,0
2019-12-02,14.210000038146973,14.449999809265137,13.720000267028809,13.760000228881836,723300,0,0
2019-12-03,13.5600004196167,13.899999618530273,13.15999984741211,13.8100004196167,1278500,0,0
2019-12-04,14.010000228881836,14.069999694824219,13.739999771118164,13.890000343322754,489500,0,0
2019-12-05,13.890000343322754,14.130000114440918,13.850000381469727,14.130000114440918,961600,0,0
2019-12-06,14.260000228881836,14.449999809265137,14.119999885559082,14.140000343322754,565900,0,0
2019-12-09,14.09000015258789,14.489999771118164,14.09000015258789,14.449999809265137,901000,0,0
2019-12-10,14.399999618530273,14.569999694824219,14.3100004196167,14.5,847600,0,0
2019-12-11,14.34000015258789,14.829999923706055,14.34000015258789,14.59000015258789,1244600,0,0
2019-12-12,14.510000228881836,14.9399995803833,14.329999923706055,14.800000190734863,6611400,0,0
2019-12-13,14.979999542236328,15.0,14.640000343322754,14.90999984741211,760700,0,0
2019-12-16,15.0,15.100000381469727,14.350000381469727,14.5600004196167,2569700,0,0
2019-12-17,14.569999694824219,14.649999618530273,14.130000114440918,14.15999984741211,2746900,0,0
2019-12-18,14.25,14.25,13.739999771118164,14.069999694824219,1693300,0,0
2019-12-19,14.069999694824219,14.140000343322754,13.819999694824219,13.859999656677246,1189800,0,0
2019-12-20,13.970000267028809,13.970000267028809,13.569999694824219,13.579999923706055,1475200,0,0
2019-12-23,13.579999923706055,13.979999542236328,13.470000267028809,13.779999732971191,1851400,0,0
2019-12-24,13.84000015258789,14.0600004196167,13.84000015258789,13.949999809265137,564900,0,0
2019-12-26,13.949999809265137,14.069999694824219,13.680000305175781,13.819999694824219,677200,0,0
2019-12-27,13.890000343322754,13.890000343322754,13.630000114440918,13.680000305175781,708000,0,0
2019-12-30,13.680000305175781,13.720000267028809,13.510000228881836,13.510000228881836,795300,0,0
2019-12-31,13.5,13.579999923706055,13.390000343322754,13.399999618530273,677900,0,0
2020-01-02,13.529999732971191,13.720000267028809,13.210000038146973,13.420000076293945,667000,0,0
2020-01-03,13.130000114440918,13.260000228881836,12.949999809265137,13.239999771118164,1420700,0,0
2020-01-06,13.15999984741211,13.270000457763672,12.970000267028809,12.979999542236328,1283900,0,0
2020-01-07,13.0,13.5,12.880000114440918,13.430000305175781,1384200,0,0
2020-01-08,13.430000305175781,13.579999923706055,13.300000190734863,13.40999984741211,1009600,0,0
2020-01-09,13.420000076293945,13.539999961853027,13.149999618530273,13.170000076293945,921600,0,0
2020-01-10,13.210000038146973,13.510000228881836,13.199999809265137,13.279999732971191,1212100,0,0
2020-01-13,13.539999961853027,13.630000114440918,13.34000015258789,13.489999771118164,848200,0,0
2020-01-14,13.390000343322754,13.449999809265137,12.90999984741211,13.119999885559082,1270700,0,0
2020-01-15,13.069999694824219,13.130000114440918,12.779999732971191,12.800000190734863,913900,0,0
2020-01-16,13.039999961853027,13.449999809265137,12.680000305175781,12.739999771118164,1653700,0,0
2020-01-17,12.770000457763672,12.9399995803833,12.539999961853027,12.59000015258789,1021000,0,0
2020-01-21,12.539999961853027,12.569999694824219,12.170000076293945,12.220000267028809,1349000,0,0
2020-01-22,12.300000190734863,12.359999656677246,11.84000015258789,12.15999984741211,2854600,0,0
2020-01-23,12.050000190734863,12.479999542236328,11.729999542236328,12.430000305175781,1969100,0,0
2020-01-24,12.489999771118164,12.579999923706055,12.300000190734863,12.390000343322754,1840400,0,0
2020-01-27,12.050000190734863,12.260000228881836,11.850000381469727,12.220000267028809,1201300,0,0
2020-01-28,12.350000381469727,12.40999984741211,12.039999961853027,12.119999885559082,1160700,0,0
2020-01-29,12.300000190734863,12.5,12.149999618530273,12.420000076293945,1018600,0,0
2020-01-30,12.3100004196167,12.380000114440918,11.850000381469727,12.15999984741211,1334700,0,0
2020-01-31,12.039999961853027,12.079999923706055,11.329999923706055,11.359999656677246,2555600,0,0
2020-02-03,11.4399995803833,11.75,11.420000076293945,11.720000267028809,1169400,0,0
2020-02-04,12.0,12.289999961853027,11.890000343322754,12.109999656677246,1165500,0,0
2020-02-05,12.359999656677246,12.8100004196167,12.3100004196167,12.6899995803833,1310400,0,0
2020-02-06,12.8100004196167,13.130000114440918,12.430000305175781,13.079999923706055,1413100,0,0
2020-02-07,12.869999885559082,13.0,12.630000114440918,12.75,997300,0,0
2020-02-10,12.609999656677246,12.770000457763672,12.510000228881836,12.710000038146973,613900,0,0
2020-02-11,12.819999694824219,13.210000038146973,12.819999694824219,12.930000305175781,757000,0,0
2020-02-12,13.050000190734863,13.119999885559082,12.760000228881836,12.869999885559082,717800,0,0
2020-02-13,12.779999732971191,13.079999923706055,12.75,13.0,534500,0,0
2020-02-14,13.039999961853027,13.069999694824219,12.789999961853027,12.9399995803833,519000,0,0
2020-02-18,12.819999694824219,12.899999618530273,12.569999694824219,12.710000038146973,744100,0,0
2020-02-19,12.779999732971191,12.890000343322754,12.029999732971191,12.199999809265137,2427500,0,0
2020-02-20,14.010000228881836,14.430000305175781,13.6899995803833,14.199999809265137,5051200,0,0
2020-02-21,14.350000381469727,14.680000305175781,14.09000015258789,14.420000076293945,2545500,0,0
2020-02-24,13.59000015258789,13.829999923706055,13.210000038146973,13.390000343322754,1938600,0,0
2020-02-25,13.479999542236328,13.579999923706055,12.430000305175781,12.850000381469727,2581500,0,0
2020-02-26,12.949999809265137,13.260000228881836,12.25,12.380000114440918,1926300,0,0
2020-02-27,12.029999732971191,12.489999771118164,11.34000015258789,11.890000343322754,3277400,0,0
2020-02-28,11.300000190734863,12.4399995803833,11.069999694824219,12.399999618530273,3436800,0,0
2020-03-02,12.420000076293945,12.6899995803833,11.960000038146973,12.65999984741211,2093300,0,0
2020-03-03,12.579999923706055,13.010000228881836,11.640000343322754,11.720000267028809,2139500,0,0
2020-03-04,12.0,12.109999656677246,11.6899995803833,11.90999984741211,1675800,0,0
2020-03-05,11.449999809265137,11.470000267028809,10.010000228881836,10.170000076293945,4031400,0,0
2020-03-06,9.819999694824219,9.899999618530273,9.300000190734863,9.520000457763672,3759100,0,0
2020-03-09,8.399999618530273,8.460000038146973,7.809999942779541,7.820000171661377,3973700,0,0
2020-03-10,8.289999961853027,8.40999984741211,7.519999980926514,8.279999732971191,3379100,0,0
2020-03-11,7.909999847412109,8.010000228881836,7.28000020980835,7.449999809265137,2814600,0,0
2020-03-12,6.610000133514404,7.0,5.78000020980835,6.559999942779541,3835400,0,0
2020-03-13,7.090000152587891,7.199999809265137,5.269999980926514,6.760000228881836,4699500,0,0
2020-03-16,5.949999809265137,5.949999809265137,4.849999904632568,4.929999828338623,3724400,0,0
2020-03-17,5.059999942779541,6.230000019073486,5.010000228881836,6.019999980926514,3318100,0,0
2020-03-18,5.539999961853027,5.71999979019165,3.9000000953674316,4.21999979019165,2782700,0,0
2020-03-19,4.139999866485596,4.949999809265137,4.050000190734863,4.619999885559082,4448700,0,0
2020-03-20,4.670000076293945,5.0,4.0,4.130000114440918,2743600,0,0
2020-03-23,4.199999809265137,4.429999828338623,4.039999961853027,4.28000020980835,2515700,0,0
2020-03-24,4.710000038146973,6.230000019073486,4.710000038146973,5.809999942779541,1777300,0,0
2020-03-25,6.079999923706055,7.329999923706055,5.869999885559082,6.849999904632568,3974600,0,0
2020-03-26,6.570000171661377,6.849999904632568,6.380000114440918,6.46999979019165,1729400,0,0
2020-03-27,6.119999885559082,6.190000057220459,5.0,5.369999885559082,1541500,0,0
2020-03-30,5.380000114440918,5.489999771118164,5.070000171661377,5.170000076293945,1277000,0,0
2020-03-31,5.170000076293945,5.550000190734863,5.090000152587891,5.210000038146973,1832400,0,0
2020-04-01,5.0,5.679999828338623,4.760000228881836,4.940000057220459,1395700,0,0
2020-04-02,5.309999942779541,5.389999866485596,4.909999847412109,5.119999885559082,964400,0,0
2020-04-03,5.099999904632568,5.110000133514404,4.650000095367432,4.920000076293945,2172500,0,0
2020-04-06,5.329999923706055,5.53000020980835,4.989999771118164,5.010000228881836,2157400,0,0
2020-04-07,5.309999942779541,5.900000095367432,5.190000057220459,5.289999961853027,3091200,0,0
2020-04-08,5.349999904632568,6.150000095367432,5.320000171661377,6.099999904632568,1738000,0,0
2020-04-09,6.199999809265137,7.300000190734863,6.179999828338623,6.739999771118164,2853400,0,0
2020-04-13,6.800000190734863,6.849999904632568,6.28000020980835,6.480000019073486,733700,0,0
2020-04-14,6.599999904632568,6.989999771118164,6.170000076293945,6.25,1138200,0,0
2020-04-15,5.96999979019165,6.190000057220459,5.679999828338623,5.889999866485596,1030800,0,0
2020-04-16,5.840000152587891,5.840000152587891,5.269999980926514,5.510000228881836,661600,0,0
2020-04-17,6.03000020980835,6.519999980926514,5.840000152587891,5.920000076293945,1375900,0,0
2020-04-20,5.75,6.130000114440918,5.650000095367432,5.840000152587891,701800,0,0
2020-04-21,5.599999904632568,5.789999961853027,5.46999979019165,5.559999942779541,1099100,0,0
2020-04-22,5.699999809265137,5.909999847412109,5.679999828338623,5.840000152587891,1233300,0,0
2020-04-23,5.960000038146973,6.139999866485596,5.820000171661377,6.0,1118100,0,0
2020-04-24,6.019999980926514,6.130000114440918,5.699999809265137,5.760000228881836,834400,0,0
2020-04-27,5.820000171661377,7.03000020980835,5.699999809265137,6.730000019073486,1911400,0,0
2020-04-28,6.940000057220459,7.010000228881836,6.329999923706055,6.71999979019165,4083100,0,0
2020-04-29,7.239999771118164,8.520000457763672,7.159999847412109,8.399999618530273,4508100,0,0
2020-04-30,8.180000305175781,8.289999961853027,7.539999961853027,7.760000228881836,2928700,0,0
2020-05-01,7.480000019073486,7.78000020980835,6.949999809265137,7.059999942779541,1537900,0,0
2020-05-04,7.159999847412109,7.429999828338623,6.769999980926514,7.190000057220459,793300,0,0
2020-05-05,7.199999809265137,7.679999828338623,7.150000095367432,7.150000095367432,1143600,0,0
2020-05-06,7.21999979019165,7.400000095367432,6.789999961853027,6.800000190734863,945200,0,0
2020-05-07,6.96999979019165,7.190000057220459,6.909999847412109,7.070000171661377,857100,0,0
2020-05-08,7.340000152587891,7.739999771118164,7.260000228881836,7.630000114440918,862900,0,0
2020-05-11,7.5,7.53000020980835,6.900000095367432,7.070000171661377,1002500,0,0
2020-05-12,7.260000228881836,7.380000114440918,6.639999866485596,6.659999847412109,839300,0,0
2020-05-13,6.659999847412109,6.75,6.0,6.159999847412109,1507200,0,0
2020-05-14,5.920000076293945,6.539999961853027,5.710000038146973,6.269999980926514,1085700,0,0
2020-05-15,6.179999828338623,6.489999771118164,6.079999923706055,6.309999942779541,1538500,0,0
2020-05-18,6.75,7.519999980926514,6.71999979019165,7.449999809265137,1853500,0,0
2020-05-19,7.510000228881836,7.71999979019165,7.010000228881836,7.079999923706055,1794200,0,0
2020-05-20,7.360000133514404,8.0,7.360000133514404,7.889999866485596,1842700,0,0
2020-05-21,7.789999961853027,7.889999866485596,7.480000019073486,7.699999809265137,874100,0,0
2020-05-22,7.739999771118164,7.840000152587891,7.420000076293945,7.809999942779541,848400,0,0
2020-05-26,8.470000267028809,8.59000015258789,8.0,8.130000114440918,2163900,0,0
2020-05-27,8.5,8.760000228881836,8.130000114440918,8.720000267028809,1573800,0,0
2020-05-28,8.90999984741211,9.020000457763672,8.470000267028809,8.5600004196167,1650200,0,0
2020-05-29,8.40999984741211,8.520000457763672,8.050000190734863,8.210000038146973,5951900,0,0
2020-06-01,8.260000228881836,8.390000343322754,7.989999771118164,8.109999656677246,1802000,0,0
2020-06-02,8.300000190734863,8.859999656677246,8.25,8.8100004196167,1915800,0,0
2020-06-03,9.369999885559082,9.800000190734863,9.0,9.550000190734863,2514300,0,0
2020-06-04,9.609999656677246,10.0600004196167,9.5,9.5600004196167,1975500,0,0
2020-06-05,9.949999809265137,10.199999809265137,9.489999771118164,9.550000190734863,3073200,0,0
2020-06-08,9.90999984741211,10.09000015258789,9.630000114440918,9.75,2001200,0,0
2020-06-09,9.420000076293945,9.4399995803833,8.9399995803833,9.050000190734863,1373200,0,0
2020-06-10,9.0,9.029999732971191,8.239999771118164,8.489999771118164,2622000,0,0
2020-06-11,7.849999904632568,8.1899995803833,7.289999961853027,7.320000171661377,1823700,0,0
2020-06-12,7.809999942779541,8.069999694824219,7.510000228881836,7.989999771118164,1276100,0,0
2020-06-15,7.5,8.550000190734863,7.420000076293945,8.5,1455200,0,0
2020-06-16,9.210000038146973,9.229999542236328,8.600000381469727,8.899999618530273,1664800,0,0
2020-06-17,8.899999618530273,8.930000305175781,8.229999542236328,8.449999809265137,1871300,0,0
2020-06-18,8.199999809265137,8.460000038146973,7.989999771118164,8.100000381469727,1157600,0,0
2020-06-19,8.279999732971191,8.350000381469727,7.679999828338623,7.840000152587891,945200,0,0
2020-06-22,7.760000228881836,7.789999961853027,7.389999866485596,7.739999771118164,1047100,0,0
2020-06-23,7.860000133514404,8.199999809265137,7.699999809265137,8.029999732971191,1613500,0,0
2020-06-24,7.849999904632568,7.849999904632568,7.400000095367432,7.599999904632568,1454300,0,0
2020-06-25,7.639999866485596,7.880000114440918,7.5,7.840000152587891,839300,0,0
2020-06-26,7.670000076293945,7.860000133514404,7.320000171661377,7.489999771118164,1474200,0,0
2020-06-29,7.579999923706055,7.78000020980835,7.440000057220459,7.769999980926514,1258300,0,0
2020-06-30,7.71999979019165,7.849999904632568,7.5,7.679999828338623,1037300,0,0
2020-07-01,7.710000038146973,7.809999942779541,7.179999828338623,7.25,1051400,0,0
2020-07-02,7.519999980926514,7.989999771118164,7.380000114440918,7.400000095367432,1161000,0,0
2020-07-06,7.710000038146973,7.809999942779541,7.460000038146973,7.800000190734863,1060300,0,0
2020-07-07,7.639999866485596,7.889999866485596,7.630000114440918,7.710000038146973,1414800,0,0
2020-07-08,7.730000019073486,7.900000095367432,7.579999923706055,7.880000114440918,1180500,0,0
2020-07-09,7.889999866485596,7.920000076293945,7.639999866485596,7.760000228881836,1027400,0,0
2020-07-10,7.71999979019165,8.029999732971191,7.630000114440918,8.0,512600,0,0
2020-07-13,8.210000038146973,8.3100004196167,8.0,8.010000228881836,845800,0,0
2020-07-14,8.100000381469727,8.420000076293945,7.989999771118164,8.390000343322754,1067900,0,0
2020-07-15,8.609999656677246,8.800000190734863,8.420000076293945,8.699999809265137,1083800,0,0
2020-07-16,8.75,9.010000228881836,8.59000015258789,8.880000114440918,804500,0,0
2020-07-17,8.880000114440918,9.119999885559082,8.800000190734863,8.880000114440918,864700,0,0
2020-07-20,8.819999694824219,8.989999771118164,8.699999809265137,8.829999923706055,490900,0,0
2020-07-21,8.979999542236328,9.359999656677246,8.979999542236328,9.270000457763672,1465400,0,0
2020-07-22,9.199999809265137,9.75,8.520000457763672,9.149999618530273,2830400,0,0
2020-07-23,9.130000114440918,9.319999694824219,8.800000190734863,8.880000114440918,1360500,0,0
2020-07-24,8.800000190734863,8.930000305175781,8.649999618530273,8.819999694824219,1972500,0,0
2020-07-27,8.880000114440918,8.949999809265137,8.739999771118164,8.920000076293945,485100,0,0
2020-07-28,8.869999885559082,9.0,8.720000267028809,8.729999542236328,516300,0,0
2020-07-29,8.829999923706055,8.960000038146973,8.65999984741211,8.680000305175781,686100,0,0
2020-07-30,8.4399995803833,8.5,8.069999694824219,8.319999694824219,1195600,0,0
2020-07-31,8.229999542236328,8.329999923706055,7.789999961853027,8.010000228881836,1415400,0,0
2020-08-03,8.180000305175781,8.329999923706055,7.929999828338623,8.210000038146973,1209600,0,0
2020-08-04,8.180000305175781,8.359999656677246,8.149999618530273,8.300000190734863,670600,0,0
2020-08-05,8.40999984741211,8.699999809265137,8.25,8.34000015258789,1782600,0,0
2020-08-06,8.289999961853027,8.449999809265137,8.15999984741211,8.420000076293945,1140700,0,0
2020-08-07,8.380000114440918,8.489999771118164,8.1899995803833,8.300000190734863,514000,0,0
2020-08-10,8.369999885559082,8.859999656677246,8.369999885559082,8.850000381469727,1018700,0,0
2020-08-11,9.050000190734863,9.59000015258789,8.779999732971191,8.890000343322754,1525600,0,0
2020-08-12,9.069999694824219,9.109999656677246,8.65999984741211,8.729999542236328,883300,0,0
2020-08-13,8.699999809265137,8.729999542236328,8.210000038146973,8.300000190734863,863600,0,0
2020-08-14,8.279999732971191,8.369999885559082,8.130000114440918,8.180000305175781,499600,0,0
2020-08-17,8.239999771118164,8.470000267028809,8.199999809265137,8.319999694824219,588700,0,0
2020-08-18,8.390000343322754,8.449999809265137,8.119999885559082,8.180000305175781,514100,0,0
2020-08-19,8.239999771118164,8.489999771118164,8.050000190734863,8.079999923706055,655900,0,0
2020-08-20,8.020000457763672,8.09000015258789,7.829999923706055,8.0,533100,0,0
2020-08-21,7.900000095367432,7.940000057220459,7.659999847412109,7.71999979019165,958000,0,0
2020-08-24,7.809999942779541,8.109999656677246,7.78000020980835,8.09000015258789,497700,0,0
2020-08-25,8.130000114440918,8.279999732971191,7.909999847412109,8.140000343322754,630300,0,0
2020-08-26,8.010000228881836,8.25,8.010000228881836,8.050000190734863,506200,0,0
2020-08-27,8.039999961853027,8.25,7.880000114440918,8.050000190734863,770800,0,0
2020-08-28,8.069999694824219,8.260000228881836,7.949999809265137,8.199999809265137,414200,0,0
2020-08-31,8.260000228881836,8.34000015258789,8.010000228881836,8.010000228881836,574100,0,0
2020-09-01,7.949999809265137,8.319999694824219,7.880000114440918,8.319999694824219,1057200,0,0
2020-09-02,8.359999656677246,8.40999984741211,8.119999885559082,8.390000343322754,805500,0,0
2020-09-03,8.390000343322754,8.399999618530273,7.909999847412109,8.0,780200,0,0
2020-09-04,8.069999694824219,8.319999694824219,7.980000019073486,8.130000114440918,1303700,0,0
2020-09-08,7.920000076293945,8.029999732971191,7.75,7.800000190734863,1275300,0,0
2020-09-09,7.800000190734863,7.909999847412109,7.409999847412109,7.599999904632568,1738100,0,0
2020-09-10,7.599999904632568,8.170000076293945,7.599999904632568,7.949999809265137,1924600,0,0
2020-09-11,8.109999656677246,8.289999961853027,8.039999961853027,8.140000343322754,653500,0,0
2020-09-14,8.25,8.649999618530273,8.140000343322754,8.649999618530273,1288800,0,0
2020-09-15,8.680000305175781,8.930000305175781,8.34000015258789,8.770000457763672,906900,0,0
2020-09-16,8.869999885559082,9.289999961853027,8.850000381469727,9.229999542236328,1382600,0,0
2020-09-17,9.039999961853027,9.25,8.920000076293945,9.239999771118164,598900,0,0
2020-09-18,9.239999771118164,9.359999656677246,8.720000267028809,8.75,833500,0,0
2020-09-21,8.369999885559082,8.399999618530273,7.949999809265137,7.989999771118164,1706600,0,0
2020-09-22,8.069999694824219,8.09000015258789,7.78000020980835,7.929999828338623,1220400,0,0
2020-09-23,7.849999904632568,8.119999885559082,7.809999942779541,7.860000133514404,1069700,0,0
2020-09-24,7.840000152587891,7.840000152587891,7.5,7.519999980926514,1241700,0,0
2020-09-25,7.429999828338623,7.559999942779541,7.210000038146973,7.360000133514404,917700,0,0
2020-09-28,7.639999866485596,7.739999771118164,7.5,7.730000019073486,459300,0,0
2020-09-29,7.809999942779541,7.980000019073486,7.659999847412109,7.78000020980835,441500,0,0
2020-09-30,7.78000020980835,8.0600004196167,7.710000038146973,7.849999904632568,473900,0,0
2020-10-01,7.900000095367432,8.119999885559082,7.880000114440918,8.09000015258789,534400,0,0
2020-10-02,7.869999885559082,8.329999923706055,7.840000152587891,8.279999732971191,633500,0,0
2020-10-05,8.380000114440918,8.640000343322754,8.380000114440918,8.529999732971191,815000,0,0
2020-10-06,8.649999618530273,8.770000457763672,7.960000038146973,8.0,1158500,0,0
2020-10-07,8.199999809265137,8.600000381469727,8.199999809265137,8.569999694824219,903400,0,0
2020-10-08,8.640000343322754,8.920000076293945,8.5600004196167,8.90999984741211,910500,0,0
2020-10-09,9.020000457763672,9.270000457763672,8.869999885559082,9.229999542236328,892400,0,0
2020-10-12,9.15999984741211,9.1899995803833,8.770000457763672,8.8100004196167,444800,0,0
2020-10-13,8.630000114440918,8.800000190734863,8.510000228881836,8.5600004196167,315500,0,0
2020-10-14,8.569999694824219,8.75,8.569999694824219,8.710000038146973,305100,0,0
2020-10-15,8.390000343322754,8.899999618530273,8.050000190734863,8.859999656677246,727800,0,0
2020-10-16,8.920000076293945,9.140000343322754,8.800000190734863,9.0,637500,0,0
2020-10-19,9.050000190734863,9.59000015258789,9.020000457763672,9.260000228881836,1088200,0,0
2020-10-20,9.359999656677246,9.930000305175781,9.239999771118164,9.710000038146973,1889800,0,0
2020-10-21,9.609999656677246,9.649999618530273,9.289999961853027,9.329999923706055,787600,0,0
2020-10-22,9.390000343322754,10.109999656677246,9.300000190734863,10.0600004196167,1231500,0,0
2020-10-23,10.210000038146973,10.710000038146973,9.949999809265137,10.0,1061100,0,0
2020-10-26,9.720000267028809,9.869999885559082,9.510000228881836,9.789999961853027,1197500,0,0
2020-10-27,10.0600004196167,10.520000457763672,9.220000267028809,9.800000190734863,2420400,0,0
2020-10-28,9.100000381469727,9.640000343322754,8.859999656677246,9.380000114440918,1320800,0,0
2020-10-29,9.260000228881836,9.529999732971191,9.100000381469727,9.289999961853027,806600,0,0
2020-10-30,9.0,9.270000457763672,8.680000305175781,8.8100004196167,986000,0,0
2020-11-02,9.180000305175781,9.359999656677246,9.010000228881836,9.279999732971191,640500,0,0
2020-11-03,9.579999923706055,9.75,9.4399995803833,9.6899995803833,598400,0,0
2020-11-04,9.40999984741211,9.720000267028809,9.140000343322754,9.170000076293945,658300,0,0
2020-11-05,9.319999694824219,9.970000267028809,9.319999694824219,9.680000305175781,989700,0,0
2020-11-06,9.75,9.8100004196167,9.350000381469727,9.449999809265137,852700,0,0
2020-11-09,10.489999771118164,11.289999961853027,10.34000015258789,11.010000228881836,2397300,0,0
2020-11-10,11.0600004196167,11.5600004196167,11.050000190734863,11.430000305175781,1139300,0,0
2020-11-11,11.390000343322754,11.399999618530273,11.0,11.229999542236328,817200,0,0
2020-11-12,11.0600004196167,11.180000305175781,10.65999984741211,10.739999771118164,1383100,0,0
2020-11-13,10.90999984741211,11.40999984741211,10.770000457763672,11.300000190734863,1108400,0,0
2020-11-16,11.359999656677246,12.199999809265137,11.359999656677246,12.180000305175781,1608100,0,0
2020-11-17,11.899999618530273,12.010000228881836,11.640000343322754,11.989999771118164,534900,0,0
2020-11-18,11.989999771118164,12.300000190734863,11.960000038146973,12.0600004196167,929300,0,0
2020-11-19,12.079999923706055,12.119999885559082,11.729999542236328,11.920000076293945,961500,0,0
2020-11-20,11.920000076293945,12.279999732971191,11.720000267028809,12.220000267028809,949000,0,0
2020-11-23,12.579999923706055,12.930000305175781,12.4399995803833,12.84000015258789,1534700,0,0
2020-11-24,13.0,13.430000305175781,12.859999656677246,13.34000015258789,1427300,0,0
2020-11-25,13.239999771118164,13.239999771118164,12.710000038146973,12.800000190734863,891200,0,0
2020-11-27,12.800000190734863,13.0,12.710000038146973,12.890000343322754,236500,0,0
2020-11-30,12.829999923706055,12.829999923706055,12.3100004196167,12.640000343322754,705600,0,0
2020-12-01,12.84000015258789,13.180000305175781,12.739999771118164,12.850000381469727,984900,0,0
2020-12-02,12.829999923706055,12.930000305175781,12.59000015258789,12.829999923706055,550500,0,0
2020-12-03,12.829999923706055,13.329999923706055,12.739999771118164,13.039999961853027,1108300,0,0
2020-12-04,13.270000457763672,13.5,13.100000381469727,13.319999694824219,689600,0,0
2020-12-07,13.199999809265137,13.229999542236328,12.869999885559082,13.119999885559082,1039900,0,0
2020-12-08,12.930000305175781,13.369999885559082,12.930000305175781,13.1899995803833,553600,0,0
2020-12-09,13.390000343322754,13.40999984741211,12.949999809265137,12.989999771118164,422300,0,0
2020-12-10,12.90999984741211,13.489999771118164,12.90999984741211,13.399999618530273,533400,0,0
2020-12-11,13.130000114440918,13.420000076293945,12.9399995803833,13.390000343322754,561800,0,0
2020-12-14,13.449999809265137,13.609999656677246,13.15999984741211,13.25,574000,0,0
2020-12-15,13.430000305175781,13.510000228881836,13.229999542236328,13.449999809265137,569000,0,0
2020-12-16,13.390000343322754,13.460000038146973,13.100000381469727,13.399999618530273,625700,0,0
2020-12-17,13.949999809265137,14.479999542236328,13.90999984741211,14.380000114440918,1727300,0,0
2020-12-18,14.199999809265137,14.449999809265137,14.140000343322754,14.329999923706055,766700,0,0
2020-12-21,14.039999961853027,14.039999961853027,13.5600004196167,13.869999885559082,1190700,0,0
2020-12-22,13.819999694824219,13.869999885559082,13.319999694824219,13.34000015258789,449300,0,0
2020-12-23,13.449999809265137,13.720000267028809,13.449999809265137,13.640000343322754,347100,0,0
2020-12-24,13.649999618530273,13.779999732971191,13.430000305175781,13.630000114440918,167500,0,0
2020-12-28,13.729999542236328,13.819999694824219,13.510000228881836,13.65999984741211,226700,0,0
2020-12-29,13.729999542236328,13.729999542236328,13.350000381469727,13.369999885559082,292200,0,0
2020-12-30,13.390000343322754,13.829999923706055,13.390000343322754,13.819999694824219,292000,0,0
2020-12-31,13.869999885559082,14.220000267028809,13.600000381469727,13.989999771118164,558000,0,0
2021-01-04,14.270000457763672,14.449999809265137,13.8100004196167,13.880000114440918,753900,0,0
2021-01-05,13.899999618530273,14.550000190734863,13.84000015258789,14.539999961853027,699800,0,0
2021-01-06,14.770000457763672,15.130000114440918,14.40999984741211,14.960000038146973,780600,0,0
2021-01-07,15.0,15.300000190734863,14.539999961853027,14.6899995803833,598300,0,0
2021-01-08,14.859999656677246,14.899999618530273,13.989999771118164,14.40999984741211,611200,0,0
2021-01-11,14.029999732971191,14.569999694824219,14.010000228881836,14.529999732971191,766700,0,0
2021-01-12,14.5,14.75,14.4399995803833,14.680000305175781,370400,0,0
2021-01-13,14.770000457763672,14.829999923706055,14.289999961853027,14.539999961853027,669200,0,0
2021-01-14,14.640000343322754,14.960000038146973,14.529999732971191,14.600000381469727,392500,0,0
2021-01-15,15.0,15.0,13.90999984741211,14.029999732971191,961900,0,0
2021-01-19,14.239999771118164,14.520000457763672,13.989999771118164,14.399999618530273,692300,0,0
2021-01-20,14.479999542236328,14.579999923706055,14.050000190734863,14.0600004196167,976900,0,0
2021-01-21,14.100000381469727,14.130000114440918,13.520000457763672,13.680000305175781,644700,0,0
2021-01-22,13.319999694824219,13.630000114440918,13.260000228881836,13.550000190734863,632800,0,0
2021-01-25,13.390000343322754,13.430000305175781,12.75,13.40999984741211,1109000,0,0
2021-01-26,13.550000190734863,13.65999984741211,12.880000114440918,12.899999618530273,472000,0,0
2021-01-27,12.479999542236328,12.75,11.920000076293945,12.529999732971191,1029700,0,0
2021-01-28,12.739999771118164,12.989999771118164,12.359999656677246,12.899999618530273,909400,0,0
2021-01-29,12.989999771118164,12.989999771118164,12.0600004196167,12.329999923706055,648400,0,0
2021-02-01,12.479999542236328,13.359999656677246,12.25,13.319999694824219,1152700,0,0
2021-02-02,13.5,13.640000343322754,13.050000190734863,13.380000114440918,789200,0,0
2021-02-03,13.430000305175781,13.5,13.09000015258789,13.220000267028809,338100,0,0
2021-02-04,13.210000038146973,13.600000381469727,13.210000038146973,13.569999694824219,474400,0,0
2021-02-05,13.819999694824219,14.020000457763672,13.510000228881836,13.670000076293945,824700,0,0
2021-02-08,13.229999542236328,13.880000114440918,13.229999542236328,13.699999809265137,671500,0,0
2021-02-09,14.270000457763672,14.75,13.9399995803833,14.140000343322754,1157400,0,0
2021-02-10,14.3100004196167,14.34000015258789,13.819999694824219,13.989999771118164,334200,0,0
2021-02-11,13.949999809265137,14.300000190734863,13.75,14.279999732971191,368900,0,0
2021-02-12,14.25,14.670000076293945,14.140000343322754,14.420000076293945,596300,0,0
2021-02-16,14.59000015258789,14.75,14.140000343322754,14.239999771118164,453500,0,0
2021-02-17,14.210000038146973,14.319999694824219,13.859999656677246,14.029999732971191,535100,0,0
2021-02-18,13.9399995803833,14.010000228881836,13.420000076293945,13.529999732971191,728100,0,0
2021-02-19,13.670000076293945,14.3100004196167,13.65999984741211,14.010000228881836,1434200,0,0
2021-02-22,13.699999809265137,14.40999984741211,13.649999618530273,13.880000114440918,828600,0,0
2021-02-23,13.680000305175781,13.739999771118164,12.90999984741211,13.550000190734863,1051300,0,0
2021-02-24,13.5,14.239999771118164,13.3100004196167,14.239999771118164,1808600,0,0
2021-02-25,14.09000015258789,14.289999961853027,13.029999732971191,13.59000015258789,1564000,0,0
2021-02-26,13.5,13.65999984741211,13.020000457763672,13.239999771118164,829900,0,0
2021-03-01,13.6899995803833,14.1899995803833,13.600000381469727,14.039999961853027,607700,0,0
2021-03-02,14.010000228881836,14.680000305175781,13.960000038146973,14.399999618530273,957400,0,0
2021-03-03,14.470000267028809,15.170000076293945,14.420000076293945,14.819999694824219,2860200,0,0
2021-03-04,14.649999618530273,15.100000381469727,13.539999961853027,14.0,960300,0,0
2021-03-05,14.199999809265137,14.470000267028809,13.34000015258789,14.109999656677246,841500,0,0
2021-03-08,14.020000457763672,14.609999656677246,13.970000267028809,14.229999542236328,453000,0,0
2021-03-09,14.430000305175781,14.989999771118164,13.880000114440918,14.9399995803833,1883600,0,0
2021-03-10,15.010000228881836,15.619999885559082,14.9399995803833,15.430000305175781,1383200,0,0
2021-03-11,15.649999618530273,16.920000076293945,15.5600004196167,16.75,6639100,0,0
2021-03-12,16.43000030517578,17.079999923706055,16.43000030517578,16.799999237060547,1518400,0,0
2021-03-15,16.670000076293945,16.84000015258789,16.239999771118164,16.760000228881836,1255500,0,0
2021-03-16,16.579999923706055,16.809999465942383,16.170000076293945,16.540000915527344,1291000,0,0
2021-03-17,16.299999237060547,16.530000686645508,16.030000686645508,16.459999084472656,728600,0,0
2021-03-18,16.280000686645508,16.6299991607666,15.40999984741211,15.460000038146973,842900,0,0
2021-03-19,15.510000228881836,15.949999809265137,14.970000267028809,15.819999694824219,1402700,0,0
2021-03-22,16.68000030517578,16.780000686645508,15.510000228881836,15.789999961853027,1245000,0,0
2021-03-23,15.520000457763672,15.699999809265137,14.710000038146973,14.869999885559082,1530100,0,0
2021-03-24,15.130000114440918,15.170000076293945,14.3100004196167,14.40999984741211,1377400,0,0
2021-03-25,14.039999961853027,14.890000343322754,13.710000038146973,14.859999656677246,838800,0,0
2021-03-26,15.140000343322754,15.40999984741211,14.65999984741211,15.09000015258789,630700,0,0
2021-03-29,14.9399995803833,15.300000190734863,14.279999732971191,14.279999732971191,505600,0,0
2021-03-30,14.220000267028809,14.890000343322754,14.119999885559082,14.720000267028809,508100,0,0
2021-03-31,14.890000343322754,15.069999694824219,14.279999732971191,14.699999809265137,938700,0,0
2021-04-01,14.90999984741211,15.010000228881836,14.600000381469727,14.880000114440918,685600,0,0
2021-04-05,15.140000343322754,15.170000076293945,14.729999542236328,14.920000076293945,659600,0,0
2021-04-06,14.9399995803833,15.149999618530273,14.6899995803833,14.720000267028809,674100,0,0
2021-04-07,14.760000228881836,14.979999542236328,14.529999732971191,14.630000114440918,1468800,0,0
2021-04-08,14.720000267028809,15.029999732971191,14.380000114440918,15.0,600400,0,0
2021-04-09,14.970000267028809,14.970000267028809,14.579999923706055,14.890000343322754,486900,0,0
2021-04-12,14.829999923706055,14.899999618530273,14.4399995803833,14.859999656677246,890100,0,0
2021-04-13,14.729999542236328,14.930000305175781,14.449999809265137,14.609999656677246,463800,0,0
2021-04-14,14.720000267028809,15.279999732971191,14.649999618530273,15.069999694824219,664500,0,0
2021-04-15,15.279999732971191,15.399999618530273,14.920000076293945,15.380000114440918,516800,0,0
2021-04-16,15.630000114440918,15.800000190734863,15.369999885559082,15.670000076293945,931400,0,0
2021-04-19,15.529999732971191,15.729999542236328,14.850000381469727,15.149999618530273,1195800,0,0
2021-04-20,15.100000381469727,15.100000381469727,14.350000381469727,14.59000015258789,760000,0,0
2021-04-21,14.609999656677246,15.319999694824219,14.5,15.319999694824219,705300,0,0
2021-04-22,15.329999923706055,15.34000015258789,14.949999809265137,14.979999542236328,529000,0,0
2021-04-23,15.329999923706055,15.859999656677246,15.140000343322754,15.789999961853027,758000,0,0
2021-04-26,15.930000305175781,16.399999618530273,15.930000305175781,16.360000610351562,1008100,0,0
2021-04-27,16.260000228881836,16.579999923706055,16.020000457763672,16.260000228881836,2145400,0,0
2021-04-28,16.450000762939453,16.770000457763672,15.6899995803833,15.869999885559082,1895000,0,0
2021-04-29,16.600000381469727,16.600000381469727,15.479999542236328,15.859999656677246,1132300,0,0
2021-04-30,15.449999809265137,15.920000076293945,15.34000015258789,15.510000228881836,705000,0,0
2021-05-03,15.699999809265137,15.710000038146973,15.039999961853027,15.420000076293945,1278700,0,0
2021-05-04,15.300000190734863,16.649999618530273,15.300000190734863,16.6200008392334,2124000,0,0
2021-05-05,16.600000381469727,17.43000030517578,16.530000686645508,17.25,1420300,0,0
2021-05-06,17.299999237060547,17.440000534057617,16.860000610351562,17.059999465942383,783700,0,0
2021-05-07,16.959999084472656,17.31999969482422,16.799999237060547,17.170000076293945,1077100,0,0
2021-05-10,17.399999618530273,17.65999984741211,16.8700008392334,16.90999984741211,1131800,0,0
2021-05-11,16.5,17.829999923706055,16.360000610351562,17.75,1319300,0,0
2021-05-12,17.719999313354492,17.719999313354492,16.5,16.670000076293945,736100,0,0
2021-05-13,16.81999969482422,17.270000457763672,16.229999542236328,16.59000015258789,821400,0,0
2021-05-14,16.860000610351562,17.059999465942383,16.670000076293945,16.93000030517578,663900,0,0
2021-05-17,16.81999969482422,17.25,16.65999984741211,17.219999313354492,704600,0,0
2021-05-18,17.360000610351562,17.65999984741211,17.260000228881836,17.559999465942383,1071200,0,0
2021-05-19,17.020000457763672,17.209999084472656,16.68000030517578,17.030000686645508,804900,0,0
2021-05-20,17.09000015258789,17.09000015258789,16.670000076293945,16.860000610351562,400600,0,0
2021-05-21,17.1299991607666,17.18000030517578,16.81999969482422,17.059999465942383,699300,0,0
2021-05-24,17.049999237060547,17.15999984741211,16.809999465942383,17.1299991607666,483600,0,0
2021-05-25,17.049999237060547,17.25,16.989999771118164,17.110000610351562,968400,0,0
2021-05-26,17.049999237060547,17.790000915527344,17.049999237060547,17.600000381469727,783700,0,0
2021-05-27,17.799999237060547,18.739999771118164,17.799999237060547,18.219999313354492,1693700,0,0
2021-05-28,18.18000030517578,18.3799991607666,17.559999465942383,17.860000610351562,564600,0,0
2021-06-01,18.270000457763672,18.360000610351562,18.059999465942383,18.25,637900,0,0
2021-06-02,18.139999389648438,18.450000762939453,17.920000076293945,17.979999542236328,1184100,0,0
2021-06-03,17.770000457763672,18.190000534057617,17.209999084472656,18.040000915527344,701800,0,0
2021-06-04,18.149999618530273,18.360000610351562,17.850000381469727,17.8799991607666,473100,0,0
2021-06-07,18.0,19.229999542236328,17.950000762939453,18.950000762939453,2961100,0,0
2021-06-08,18.84000015258789,19.829999923706055,18.649999618530273,19.729999542236328,2036100,0,0
2021-06-09,19.729999542236328,20.110000610351562,19.260000228881836,20.079999923706055,1727400,0,0
2021-06-10,20.0,20.100000381469727,19.610000610351562,19.760000228881836,1649100,0,0
2021-06-11,20.09000015258789,20.1299991607666,19.700000762939453,20.06999969482422,1210300,0,0
2021-06-14,19.920000076293945,20.040000915527344,19.450000762939453,19.739999771118164,1236500,0,0
2021-06-15,19.649999618530273,20.020000457763672,19.219999313354492,19.989999771118164,1009000,0,0
2021-06-16,19.979999542236328,20.34000015258789,19.690000534057617,20.170000076293945,879400,0,0
2021-06-17,20.079999923706055,20.25,19.209999084472656,19.59000015258789,1225300,0,0
2021-06-18,19.010000228881836,19.479999542236328,18.540000915527344,18.610000610351562,1268400,0,0
2021-06-21,19.020000457763672,19.59000015258789,18.809999465942383,19.420000076293945,1134900,0,0
2021-06-22,19.170000076293945,19.6299991607666,18.979999542236328,19.520000457763672,970600,0,0
2021-06-23,19.65999984741211,20.1200008392334,19.549999237060547,19.65999984741211,1135000,0,0
2021-06-24,19.65999984741211,20.040000915527344,19.399999618530273,19.84000015258789,1586900,0,0
2021-06-25,19.899999618530273,19.93000030517578,19.239999771118164,19.3700008392334,17210000,0,0
2021-06-28,19.31999969482422,19.31999969482422,18.6299991607666,18.690000534057617,945700,0,0
2021-06-29,18.780000686645508,19.389999389648438,18.709999084472656,18.969999313354492,642500,0,0
2021-06-30,18.770000457763672,19.079999923706055,18.700000762939453,18.950000762939453,843300,0,0
2021-07-01,19.270000457763672,19.549999237060547,18.950000762939453,19.489999771118164,685600,0,0
2021-07-02,19.469999313354492,19.56999969482422,19.25,19.399999618530273,448400,0,0
2021-07-06,19.450000762939453,19.600000381469727,18.59000015258789,18.75,657900,0,0
2021-07-07,18.729999542236328,19.040000915527344,18.329999923706055,18.709999084472656,1415100,0,0
2021-07-08,18.0,18.920000076293945,17.760000228881836,18.489999771118164,915400,0,0
2021-07-09,19.0,19.059999465942383,18.670000076293945,18.81999969482422,1315200,0,0
2021-07-12,18.56999969482422,19.489999771118164,18.489999771118164,19.389999389648438,799200,0,0
2021-07-13,19.149999618530273,19.219999313354492,18.850000381469727,19.049999237060547,628200,0,0
2021-07-14,19.270000457763672,19.670000076293945,18.579999923706055,18.700000762939453,558200,0,0
2021-07-15,18.600000381469727,18.790000915527344,18.149999618530273,18.329999923706055,817400,0,0
2021-07-16,18.670000076293945,18.809999465942383,17.350000381469727,17.670000076293945,1556400,0,0
2021-07-19,16.920000076293945,17.3799991607666,16.40999984741211,16.540000915527344,2358300,0,0
2021-07-20,16.549999237060547,17.399999618530273,16.010000228881836,17.31999969482422,2587200,0,0
2021-07-21,17.540000915527344,18.0,17.360000610351562,17.700000762939453,827500,0,0
2021-07-22,17.510000228881836,17.639999389648438,17.1299991607666,17.520000457763672,810400,0,0
2021-07-23,17.549999237060547,17.68000030517578,17.260000228881836,17.549999237060547,520800,0,0
2021-07-26,17.700000762939453,18.329999923706055,17.639999389648438,18.09000015258789,1170800,0,0
2021-07-27,17.799999237060547,18.18000030517578,17.75,18.0,809500,0,0
2021-07-28,18.959999084472656,19.6200008392334,18.360000610351562,19.030000686645508,1460900,0,0
2021-07-29,19.600000381469727,19.6200008392334,18.850000381469727,19.100000381469727,1097900,0,0
2021-07-30,18.860000610351562,19.3700008392334,18.65999984741211,18.8700008392334,810500,0,0
2021-08-02,19.030000686645508,19.1299991607666,18.309999465942383,18.440000534057617,733600,0,0
2021-08-03,18.43000030517578,18.780000686645508,17.920000076293945,18.700000762939453,611100,0,0
2021-08-04,18.670000076293945,18.8700008392334,18.1200008392334,18.360000610351562,844100,0,0
2021-08-05,18.40999984741211,19.170000076293945,18.40999984741211,18.950000762939453,1603300,0,0
2021-08-06,19.270000457763672,19.31999969482422,18.760000228881836,19.0,2687100,0,0
2021-08-09,18.799999237060547,19.059999465942383,18.549999237060547,18.790000915527344,456100,0,0
2021-08-10,18.850000381469727,19.790000915527344,18.719999313354492,19.59000015258789,947800,0,0
2021-08-11,19.6299991607666,20.09000015258789,19.170000076293945,19.959999084472656,862500,0,0
2021-08-12,19.790000915527344,20.020000457763672,19.399999618530273,19.940000534057617,881200,0,0
2021-08-13,20.0,20.25,19.799999237060547,20.010000228881836,1387300,0,0
2021-08-16,19.610000610351562,19.68000030517578,18.920000076293945,19.309999465942383,1153000,0,0
2021-08-17,19.0,19.0,18.43000030517578,18.6299991607666,1357300,0,0
2021-08-18,18.43000030517578,19.5,18.329999923706055,19.149999618530273,631200,0,0
2021-08-19,18.690000534057617,18.829999923706055,18.43000030517578,18.729999542236328,961700,0,0
2021-08-20,18.709999084472656,19.239999771118164,18.709999084472656,19.020000457763672,798000,0,0
2021-08-23,19.34000015258789,19.5,19.25,19.43000030517578,1052400,0,0
2021-08-24,19.65999984741211,20.040000915527344,19.65999984741211,19.829999923706055,724800,0,0
2021-08-25,19.860000610351562,20.200000762939453,19.75,19.780000686645508,698600,0,0
2021-08-26,19.65999984741211,19.829999923706055,19.3700008392334,19.5,593900,0,0
2021-08-27,19.59000015258789,20.18000030517578,19.59000015258789,19.899999618530273,1654200,0,0
2021-08-30,20.010000228881836,20.280000686645508,19.719999313354492,19.829999923706055,759700,0,0
2021-08-31,19.75,20.420000076293945,19.579999923706055,20.219999313354492,1500900,0,0
2021-09-01,20.110000610351562,21.059999465942383,19.90999984741211,21.040000915527344,1224600,0,0
2021-09-02,21.170000076293945,21.600000381469727,20.979999542236328,21.25,1269500,0,0
2021-09-03,21.06999969482422,21.299999237060547,20.739999771118164,21.040000915527344,559800,0,0
2021-09-07,21.0,21.31999969482422,20.899999618530273,21.219999313354492,750300,0,0
2021-09-08,21.040000915527344,21.040000915527344,20.309999465942383,20.40999984741211,1073900,0,0
2021-09-09,20.469999313354492,20.540000915527344,20.260000228881836,20.299999237060547,702700,0,0
2021-09-10,20.579999923706055,20.940000534057617,20.360000610351562,20.360000610351562,368500,0,0
2021-09-13,20.700000762939453,20.700000762939453,20.059999465942383,20.5,472900,0,0
2021-09-14,20.540000915527344,20.6299991607666,20.059999465942383,20.139999389648438,425000,0,0
2021-09-15,20.219999313354492,20.8799991607666,20.219999313354492,20.860000610351562,589400,0,0
2021-09-16,20.649999618530273,20.690000534057617,20.110000610351562,20.469999313354492,495900,0,0
2021-09-17,20.469999313354492,20.559999465942383,19.65999984741211,19.739999771118164,1338100,0,0
2021-09-20,18.889999389648438,19.59000015258789,18.760000228881836,19.459999084472656,1027100,0,0
2021-09-21,19.600000381469727,19.649999618530273,18.510000228881836,18.6200008392334,1519300,0,0
2021-09-22,18.950000762939453,19.5,18.829999923706055,19.100000381469727,802900,0,0
2021-09-23,19.5,20.190000534057617,19.299999237060547,19.690000534057617,903900,0,0
2021-09-24,19.479999542236328,19.829999923706055,19.200000762939453,19.350000381469727,1296700,0,0
2021-09-27,19.479999542236328,19.780000686645508,19.139999389648438,19.5,1211800,0,0
2021-09-28,19.489999771118164,19.81999969482422,19.06999969482422,19.489999771118164,985000,0,0
2021-09-29,19.65999984741211,19.65999984741211,18.90999984741211,19.270000457763672,678000,0,0
2021-09-30,19.479999542236328,19.479999542236328,18.770000457763672,18.780000686645508,515600,0,0
2021-10-01,19.020000457763672,19.790000915527344,19.010000228881836,19.790000915527344,1220200,0,0
2021-10-04,19.8799991607666,20.06999969482422,19.190000534057617,19.270000457763672,562900,0,0
2021-10-05,19.3700008392334,19.389999389648438,19.0,19.09000015258789,1140800,0,0
2021-10-06,18.709999084472656,19.010000228881836,18.350000381469727,18.940000534057617,1490400,0,0
2021-10-07,19.229999542236328,19.75,19.049999237060547,19.440000534057617,999300,0,0
2021-10-08,19.440000534057617,19.530000686645508,18.959999084472656,19.200000762939453,844700,0,0
2021-10-11,19.459999084472656,19.639999389648438,18.8700008392334,18.959999084472656,1143100,0,0
2021-10-12,18.8700008392334,19.229999542236328,18.56999969482422,19.010000228881836,963000,0,0
2021-10-13,19.219999313354492,19.219999313354492,18.579999923706055,19.079999923706055,797600,0,0
2021-10-14,19.440000534057617,19.450000762939453,19.059999465942383,19.100000381469727,760000,0,0
2021-10-15,19.59000015258789,19.709999084472656,19.1200008392334,19.139999389648438,1034100,0,0
2021-10-18,18.860000610351562,19.389999389648438,18.549999237060547,19.31999969482422,947200,0,0
2021-10-19,19.329999923706055,19.360000610351562,18.219999313354492,18.229999542236328,1016100,0,0
2021-10-20,18.1299991607666,18.540000915527344,17.739999771118164,18.15999984741211,912300,0,0
2021-10-21,17.799999237060547,18.190000534057617,17.3700008392334,18.139999389648438,1069700,0,0
2021-10-22,18.309999465942383,18.43000030517578,17.8700008392334,18.0,823500,0,0
2021-10-25,18.020000457763672,18.219999313354492,17.219999313354492,17.309999465942383,1416400,0,0
2021-10-26,17.309999465942383,18.049999237060547,17.260000228881836,17.489999771118164,1432100,0,0
2021-10-27,18.100000381469727,19.280000686645508,18.0,18.90999984741211,2081700,0,0
2021-10-28,19.0,19.760000228881836,18.610000610351562,19.049999237060547,1684900,0,0
2021-10-29,18.90999984741211,19.06999969482422,18.290000915527344,18.40999984741211,1145400,0,0
2021-11-01,18.479999542236328,19.110000610351562,18.479999542236328,18.739999771118164,822500,0,0
2021-11-02,18.729999542236328,19.149999618530273,18.389999389648438,19.149999618530273,810000,0,0
2021-11-03,19.100000381469727,19.40999984741211,18.6200008392334,19.200000762939453,1174200,0,0
2021-11-04,19.170000076293945,19.65999984741211,18.979999542236328,19.219999313354492,614900,0,0
2021-11-05,19.549999237060547,19.920000076293945,19.260000228881836,19.600000381469727,679900,0,0
2021-11-08,20.0,20.110000610351562,19.600000381469727,19.690000534057617,1003100,0,0
2021-11-09,19.639999389648438,19.850000381469727,19.440000534057617,19.5,575500,0,0
2021-11-10,19.450000762939453,19.549999237060547,18.68000030517578,18.809999465942383,547900,0,0
2021-11-11,19.149999618530273,19.59000015258789,18.920000076293945,19.3799991607666,467300,0,0
2021-11-12,19.450000762939453,19.739999771118164,19.389999389648438,19.6299991607666,366200,0,0
2021-11-15,19.850000381469727,19.889999389648438,19.149999618530273,19.450000762939453,410100,0,0
2021-11-16,19.440000534057617,19.5,19.25,19.360000610351562,607700,0,0
2021-11-17,19.540000915527344,20.030000686645508,19.149999618530273,19.260000228881836,515200,0,0
2021-11-18,19.260000228881836,19.40999984741211,18.559999465942383,18.719999313354492,1374300,0,0
2021-11-19,18.399999618530273,18.81999969482422,18.209999084472656,18.389999389648438,533400,0,0
2021-11-22,18.5,18.889999389648438,18.440000534057617,18.549999237060547,1366000,0,0
2021-11-23,18.65999984741211,18.969999313354492,18.3799991607666,18.489999771118164,502700,0,0
2021-11-24,18.229999542236328,18.65999984741211,18.170000076293945,18.420000076293945,426500,0,0
2021-11-26,17.5,18.0,17.030000686645508,17.969999313354492,934900,0,0
2021-11-29,18.25,18.360000610351562,17.389999389648438,17.440000534057617,719600,0,0
2021-11-30,17.25,17.65999984741211,16.8700008392334,17.56999969482422,1497400,0,0
2021-12-01,18.110000610351562,18.18000030517578,16.93000030517578,16.969999313354492,707700,0,0
2021-12-02,17.1200008392334,17.530000686645508,17.010000228881836,17.290000915527344,698100,0,0
2021-12-03,17.239999771118164,17.440000534057617,16.829999923706055,17.030000686645508,996700,0,0
2021-12-06,17.40999984741211,17.790000915527344,17.110000610351562,17.31999969482422,631900,0,0
2021-12-07,17.290000915527344,18.110000610351562,17.290000915527344,17.600000381469727,678700,0,0
2021-12-08,17.799999237060547,17.899999618530273,17.600000381469727,17.760000228881836,404900,0,0
2021-12-09,17.450000762939453,17.81999969482422,17.309999465942383,17.65999984741211,590200,0,0
2021-12-10,17.239999771118164,17.700000762939453,17.100000381469727,17.399999618530273,660900,0,0
2021-12-13,17.190000534057617,17.25,16.829999923706055,17.09000015258789,538800,0,0
2021-12-14,17.059999465942383,17.459999084472656,16.799999237060547,16.8700008392334,348800,0,0
2021-12-15,16.84000015258789,17.219999313354492,16.610000610351562,17.1299991607666,1907300,0,0
2021-12-16,17.360000610351562,17.850000381469727,16.899999618530273,17.0,722000,0,0
2021-12-17,16.899999618530273,17.420000076293945,16.6200008392334,17.219999313354492,757800,0,0
2021-12-20,16.770000457763672,16.889999389648438,16.219999313354492,16.81999969482422,852600,0,0
2021-12-21,16.969999313354492,17.729999542236328,16.969999313354492,17.559999465942383,357600,0,0
2021-12-22,17.440000534057617,17.770000457763672,17.440000534057617,17.700000762939453,429800,0,0
2021-12-23,17.829999923706055,18.09000015258789,17.719999313354492,18.010000228881836,238000,0,0
2021-12-27,17.889999389648438,18.149999618530273,17.700000762939453,18.139999389648438,264900,0,0
2021-12-28,17.979999542236328,18.18000030517578,17.8799991607666,17.959999084472656,287500,0,0
2021-12-29,17.920000076293945,18.020000457763672,17.739999771118164,17.889999389648438,245000,0,0
2021-12-30,17.889999389648438,18.1299991607666,17.799999237060547,17.81999969482422,310400,0,0
2021-12-31,17.760000228881836,18.06999969482422,17.739999771118164,17.90999984741211,269900,0,0
2022-01-03,18.059999465942383,18.579999923706055,17.940000534057617,18.420000076293945,712000,0,0
2022-01-04,18.479999542236328,18.790000915527344,18.350000381469727,18.719999313354492,473900,0,0
2022-01-05,18.68000030517578,19.149999618530273,18.68000030517578,18.969999313354492,799000,0,0
2022-01-06,18.979999542236328,19.389999389648438,18.850000381469727,18.979999542236328,1023800,0,0
2022-01-07,18.979999542236328,19.219999313354492,18.649999618530273,18.690000534057617,446900,0,0
2022-01-10,18.489999771118164,18.540000915527344,18.010000228881836,18.479999542236328,686200,0,0
2022-01-11,18.520000457763672,18.920000076293945,18.229999542236328,18.829999923706055,389700,0,0
2022-01-12,19.18000030517578,19.3799991607666,18.84000015258789,19.110000610351562,521200,0,0
2022-01-13,19.110000610351562,19.770000457763672,19.110000610351562,19.549999237060547,754800,0,0
2022-01-14,19.290000915527344,19.610000610351562,19.219999313354492,19.600000381469727,543000,0,0
2022-01-18,19.31999969482422,19.3799991607666,18.860000610351562,19.15999984741211,777300,0,0
2022-01-19,19.299999237060547,19.56999969482422,18.780000686645508,18.799999237060547,644000,0,0
2022-01-20,19.06999969482422,19.389999389648438,18.209999084472656,18.219999313354492,500700,0,0
2022-01-21,18.15999984741211,18.270000457763672,17.549999237060547,17.860000610351562,908400,0,0
2022-01-24,17.31999969482422,17.559999465942383,16.649999618530273,17.450000762939453,915700,0,0
2022-01-25,17.100000381469727,17.739999771118164,16.6200008392334,17.469999313354492,583700,0,0
2022-01-26,17.760000228881836,18.200000762939453,17.25,17.549999237060547,541800,0,0
2022-01-27,17.799999237060547,17.8700008392334,16.93000030517578,17.010000228881836,674300,0,0
2022-01-28,16.93000030517578,17.270000457763672,16.56999969482422,17.270000457763672,614900,0,0
2022-01-31,17.049999237060547,17.5,16.719999313354492,17.489999771118164,539800,0,0
2022-02-01,17.450000762939453,17.81999969482422,17.290000915527344,17.639999389648438,546900,0,0
2022-02-02,17.459999084472656,17.600000381469727,17.020000457763672,17.209999084472656,699100,0,0
2022-02-03,17.0,17.56999969482422,17.0,17.149999618530273,474700,0,0
2022-02-04,16.90999984741211,17.360000610351562,16.770000457763672,17.290000915527344,408400,0,0
2022-02-07,17.229999542236328,17.479999542236328,17.139999389648438,17.190000534057617,345100,0,0
2022-02-08,17.270000457763672,17.760000228881836,17.229999542236328,17.739999771118164,529900,0,0
2022-02-09,17.90999984741211,18.09000015258789,17.59000015258789,17.600000381469727,569800,0,0
2022-02-10,17.34000015258789,18.15999984741211,17.309999465942383,17.639999389648438,564700,0,0
2022-02-11,17.520000457763672,18.760000228881836,17.520000457763672,18.260000228881836,908900,0,0
2022-02-14,18.479999542236328,18.600000381469727,18.040000915527344,18.299999237060547,523800,0,0
2022-02-15,18.389999389648438,19.110000610351562,18.18000030517578,19.100000381469727,628200,0,0
2022-02-16,19.149999618530273,19.850000381469727,19.100000381469727,19.84000015258789,865200,0,0
2022-02-17,19.719999313354492,19.729999542236328,19.0,19.079999923706055,652200,0,0
2022-02-18,18.8700008392334,19.270000457763672,18.690000534057617,19.219999313354492,611300,0,0
2022-02-22,19.15999984741211,19.610000610351562,18.719999313354492,19.0,654100,0,0
2022-02-23,20.0,20.850000381469727,19.729999542236328,20.530000686645508,1912800,0,0
2022-02-24,20.100000381469727,20.299999237060547,19.209999084472656,19.729999542236328,1250900,0,0
2022-02-25,19.0,20.0,19.0,19.56999969482422,1174200,0,0
