Date,Open,High,Low,Close,Volume,Dividends,Stock Splits
1999-07-30,17.817139258751503,18.114091579730694,14.847616048959585,15.441520690917969,170600,0.0,0.0
1999-08-02,16.03542533287635,16.03542533287635,15.441520690917969,15.441520690917969,33367,0.0,0.0
1999-08-03,15.738472938537598,15.738472938537598,15.44152061894255,15.738472938537598,26067,0.0,0.0
1999-08-04,15.738473456246512,15.738473456246512,15.44152112688337,15.589997291564941,25733,0.0,0.0
1999-08-05,15.44152061894255,15.738472938537598,15.44152061894255,15.738472938537598,14300,0.0,0.0
1999-08-06,15.738472938537598,16.035425258132648,15.44152061894255,15.738472938537598,13167,0.0,0.0
1999-08-09,16.03542533287635,16.03542533287635,15.441520690917969,15.441520690917969,8500,0.0,0.0
1999-08-10,15.441520690917969,15.73847301189716,15.144568369938776,15.441520690917969,11967,0.0,0.0
1999-08-11,15.441520765715953,15.515758846320358,15.14456844329834,15.14456844329834,16267,0.0,0.0
1999-08-12,15.14456844329834,15.441520765715953,15.14456844329834,15.14456844329834,12800,0.0,0.0
1999-08-13,15.441520504835175,15.441520504835175,15.1445681874345,15.218806266784668,18400,0.0,0.0
1999-08-16,15.144568519592283,15.293044681549071,14.84761619567871,14.847616195678711,11333,0.0,0.0
1999-08-17,14.8476159394677,15.144568258257054,14.8476159394677,14.921854019165039,10267,0.0,0.0
1999-08-18,14.921854201485129,15.14456844329834,14.847616120880724,15.14456844329834,8500,0.0,0.0
1999-08-19,15.144568962625938,15.293045128926192,14.921854713175556,14.996092796325684,15433,0.0,0.0
1999-08-20,14.996092712994917,15.44152120942051,14.996092712994917,15.293045043945312,7767,0.0,0.0
1999-08-23,15.144569628706602,15.886950492858887,15.144569628706602,15.886950492858887,10567,0.0,0.0
1999-08-24,15.73847301189716,15.886949172386755,15.441520690917969,15.441520690917969,17533,0.0,0.0
1999-08-25,15.441520418439593,16.629329681396484,15.441520418439593,16.629329681396484,25200,0.0,0.0
1999-08-26,16.18390298858891,18.85647412431919,16.18390298858891,18.262569427490234,39700,0.0,0.0
1999-08-27,19.30190072130801,20.489709996465425,19.004948402518657,19.89580535888672,48600,0.0,0.0
1999-08-30,19.895804966965766,24.053137348122792,19.895804966965766,21.677518844604492,250533,0.0,0.0
1999-08-31,22.345661833666373,22.41989991284799,19.30190058722012,20.489709854125977,64600,0.0,0.0
1999-09-01,20.786662854646384,20.786662854646384,19.450377385419117,19.747329711914062,29267,0.0,0.0
1999-09-02,19.598852775466273,21.083614349365234,19.153424303296585,21.083614349365234,24300,0.0,0.0
1999-09-03,21.529043714205425,22.1229483683904,20.7866628964742,21.38056755065918,20767,0.0,0.0
1999-09-07,21.380567714146203,21.380567714146203,20.192758396693637,20.786663055419922,18167,0.0,0.0
1999-09-08,20.19275689125061,20.489709198474884,17.520186126232147,19.004947662353516,14967,0.0,0.0
1999-09-09,19.004948056977373,19.004948056977373,16.33237723646493,17.223234176635742,10133,0.0,0.0
1999-09-10,16.926281997135707,17.148996233940125,16.332377365657262,16.629329681396484,8967,0.0,0.0
1999-09-13,16.480854554609817,16.480854554609817,16.035426053133875,16.332378387451172,6267,0.0,0.0
1999-09-14,16.62932982268157,16.62932982268157,16.035425186157227,16.035425186157227,16067,0.0,0.0
1999-09-15,16.035426053133875,16.926283056085758,16.035426053133875,16.332378387451172,2867,0.0,0.0
1999-09-16,16.926283056085758,16.926283056085758,16.332378387451172,16.332378387451172,5767,0.0,0.0
1999-09-17,16.926281997135707,17.07475815500532,16.332377365657262,16.629329681396484,3400,0.0,0.0
1999-09-20,16.629330196896113,16.926282521840687,16.480854034423828,16.480854034423828,3533,0.0,0.0
1999-09-21,16.480855184180715,16.480855184180715,15.886950492858887,15.886950492858887,5900,0.0,0.0
1999-09-22,15.88694988597523,16.332378387451172,15.88694988597523,16.332378387451172,800,0.0,0.0
1999-09-23,15.886950492858887,16.035426665689343,15.886950492858887,15.886950492858887,4367,0.0,0.0
1999-09-24,15.886949098335123,15.886949098335123,15.738472938537598,15.738472938537598,3800,0.0,0.0
1999-09-27,15.961188579274115,16.1839028385198,15.886950492858887,15.886950492858887,1800,0.0,0.0
1999-09-28,16.035425258132648,16.035425258132648,15.738472938537598,15.738472938537598,567,0.0,0.0
1999-09-29,15.738472938537598,15.738472938537598,15.738472938537598,15.738472938537598,467,0.0,0.0
1999-09-30,15.738474224685529,16.183902740478516,15.738474224685529,16.183902740478516,3733,0.0,0.0
1999-10-01,16.035425186157227,16.183901345288312,16.035425186157227,16.035425186157227,5300,0.0,0.0
1999-10-04,16.035426053133875,16.332378387451172,16.035426053133875,16.332378387451172,4767,0.0,0.0
1999-10-05,16.035425186157227,16.332377504419398,16.035425186157227,16.035425186157227,4300,0.0,0.0
1999-10-06,16.035425258132648,16.035425258132648,15.1445682993475,15.738472938537598,4133,0.0,0.0
1999-10-07,15.7384727713988,15.7384727713988,14.40218734741211,14.40218734741211,2833,0.0,0.0
1999-10-08,14.253711781603226,14.253711781603226,13.956759452819826,13.956759452819824,3967,0.0,0.0
1999-10-11,13.956758940847298,14.253711258737665,13.956758940847298,14.10523509979248,2767,0.0,0.0
1999-10-12,14.105235617211525,14.105235617211525,13.956759452819826,13.956759452819824,1200,0.0,0.0
1999-10-13,13.659806381572375,13.659806381572375,12.768949443643741,13.065901756286621,7833,0.0,0.0
1999-10-14,13.06590175628662,13.362854068929497,13.06590175628662,13.065901756286621,2433,0.0,0.0
1999-10-15,12.620473489528749,13.51133044173078,12.100806934077566,12.175045013427734,4033,0.0,0.0
1999-10-18,12.175045322727513,12.175045322727513,10.987236022949219,10.987236022949219,9600,0.0,0.0
1999-10-19,11.284188259853407,13.659806840875177,11.284188259853407,13.214378356933594,16000,0.0,0.0
1999-10-20,13.06590175628662,13.659806381572375,13.06590175628662,13.065901756286621,667,0.0,0.0
1999-10-21,13.06590175628662,13.659806381572375,13.06590175628662,13.065901756286621,1900,0.0,0.0
1999-10-22,13.065901692708334,13.659806315104168,13.065901692708334,13.36285400390625,4000,0.0,0.0
1999-10-25,13.362854003906252,13.956758626302085,13.362854003906252,13.36285400390625,867,0.0,0.0
1999-10-26,13.362854068929497,13.659806381572375,13.06590175628662,13.065901756286621,6433,0.0,0.0
1999-10-27,13.214377848307294,13.362854003906252,13.065901692708334,13.36285400390625,3233,0.0,0.0
1999-10-28,13.956758694215253,13.956758694215253,13.06590175628662,13.065901756286621,800,0.0,0.0
1999-10-29,13.659806381572375,13.956758694215253,13.06590175628662,13.065901756286621,1533,0.0,0.0
1999-11-01,13.065902042388915,13.065902042388915,11.878092765808105,11.878092765808105,9100,0.0,0.0
1999-11-02,12.026569286024714,12.323521614074705,11.878093121999717,12.323521614074707,5333,0.0,0.0
1999-11-03,11.87809315133602,13.956759452819826,11.87809315133602,13.956759452819824,8233,0.0,0.0
1999-11-04,14.847616048959585,15.589996851407564,14.402187567490797,15.441520690917969,43900,0.0,0.0
1999-11-05,15.738472867895057,17.52018677746808,15.738472867895057,16.035425186157227,81067,0.0,0.0
1999-11-08,16.332377990086872,16.629330317179363,14.253711700439453,14.253711700439453,14433,0.0,0.0
1999-11-09,14.550663948059082,14.847616273529676,13.956759297117896,14.550663948059082,4600,0.0,0.0
1999-11-10,14.253711189191367,14.996091980295084,14.253711189191367,14.40218734741211,1833,0.0,0.0
1999-11-11,14.84761619567871,14.996092357635497,14.402187709808349,14.847616195678711,3267,0.0,0.0
1999-11-12,14.996092692665432,14.996092692665432,13.659807205200195,13.659807205200195,7600,0.0,0.0
1999-11-15,13.956759535748027,13.956759535748027,11.729617056639299,13.659807205200195,27700,0.0,0.0
1999-11-16,13.659807205200195,13.659807205200195,12.768950213556705,13.659807205200195,2067,0.0,0.0
1999-11-17,13.659806765042818,13.956759086022009,13.362854444063627,13.511330604553223,5900,0.0,0.0
1999-11-18,13.21437791260806,13.956758694215253,13.06590175628662,13.065901756286621,2867,0.0,0.0
1999-11-19,13.065902544104535,13.808283370474111,13.065902544104535,13.659807205200195,2400,0.0,0.0
1999-11-22,13.362854373070501,14.105235171574417,13.362854373070501,13.808282852172852,13700,0.0,0.0
1999-11-23,13.808282470703126,13.956758626302085,13.362854003906252,13.36285400390625,6967,0.0,0.0
1999-11-24,13.214378146121376,14.10523509979248,13.214378146121376,14.10523509979248,4967,0.0,0.0
1999-11-26,14.10523553689321,14.402187863985697,13.956759373346964,14.253711700439453,3233,0.0,0.0
1999-11-29,14.402187709808349,14.84761619567871,14.105235385894774,14.847616195678711,6667,0.0,0.0
1999-11-30,14.550663871765135,14.996092357635497,14.550663871765135,14.847616195678711,8800,0.0,0.0
1999-12-01,14.847616120880724,15.293044604507147,14.699139959671918,15.14456844329834,12367,0.0,0.0
1999-12-02,15.144567982903842,17.520186490026013,14.996091826208707,17.223234176635742,62067,0.0,0.0
1999-12-03,17.52018855645405,18.70799795011195,17.223236208039573,18.262569427490234,50667,0.0,0.0
1999-12-06,18.707995605468753,18.707995605468753,17.223234049479167,17.817138671875,21433,0.0,0.0
1999-12-07,18.411043732254594,19.30190068704111,15.738472867895057,16.035425186157227,63033,0.0,0.0
1999-12-08,15.88695004455045,18.262568742800983,15.88695004455045,17.37171173095703,78400,0.0,0.0
1999-12-09,18.262568560513582,23.310758243907582,17.520187724720348,21.232091903686523,305833,0.0,0.0
1999-12-10,22.56837657141307,23.45923354133727,18.411044045100134,18.707996368408203,140200,0.0,0.0
1999-12-13,20.786661783854168,28.507421875000002,19.376138305664064,22.27142333984375,668367,0.0,0.0
1999-12-14,23.08804399316961,23.162282076748934,17.668663891878992,19.598854064941406,189400,0.0,0.0
1999-12-15,19.45037861320916,20.192759476308748,17.81714071439007,18.856473922729492,52933,0.0,0.0
1999-12-16,19.59885350211722,20.78666280527584,17.22323489579998,18.114091873168945,72733,0.0,0.0
1999-12-17,18.485282227799697,18.707996471508128,16.33237787195154,16.480854034423828,39000,0.0,0.0
1999-12-20,17.37171100925755,17.520187171729834,15.738473222062394,16.480854034423828,27267,0.0,0.0
1999-12-21,16.406615896224974,16.480853977203367,14.550663871765135,14.847616195678711,48033,0.0,0.0
1999-12-22,14.69914011079438,15.293044761735567,14.253711622588488,14.550663948059082,23800,0.0,0.0
1999-12-23,14.476425570826377,14.69913981037755,13.659806692472069,13.808282852172852,16500,0.0,0.0
1999-12-27,14.030997535015675,14.402187945994926,13.808283288428125,13.956759452819824,20533,0.0,0.0
1999-12-28,13.808283002189038,13.956759163502898,13.214378356933594,13.214378356933594,14767,0.0,0.0
1999-12-29,13.511330808912005,14.550663948059082,13.362854646176709,14.550663948059082,12600,0.0,0.0
1999-12-30,14.550663505632853,14.84761582207434,13.95675887274988,14.40218734741211,19133,0.0,0.0
1999-12-31,13.956759086022009,14.253711407001202,13.065902123084435,13.511330604553223,11233,0.0,0.0
2000-01-03,14.105235171574417,14.847615970078335,13.511330532771284,13.808282852172852,16833,0.0,0.0
2000-01-04,13.956759153627882,16.480853894177606,13.956759153627882,15.14456844329834,33333,0.0,0.0
2000-01-05,15.589996851407564,15.886949172386755,15.144568369938776,15.441520690917969,18467,0.0,0.0
2000-01-06,15.441520656705437,19.004948500560538,15.293044496544807,16.555091857910156,68800,0.0,0.0
2000-01-07,16.62932982268157,17.668662936599166,16.035425186157227,16.035425186157227,16900,0.0,0.0
2000-01-10,16.62932982268157,16.62932982268157,16.035425186157227,16.035425186157227,16300,0.0,0.0
2000-01-11,16.62933135701117,16.62933135701117,15.886950492858887,15.886950492858887,11600,0.0,0.0
2000-01-12,15.441520757260529,18.11409165755562,15.441520757260529,17.074758529663086,24167,0.0,0.0
2000-01-13,17.223235746400544,17.81714042731091,16.777807235717773,16.777807235717773,13733,0.0,0.0
2000-01-14,16.92628186324547,17.520186490026013,16.6293295498552,17.223234176635742,16400,0.0,0.0
2000-01-18,17.52018677746808,17.52018677746808,16.035425186157227,16.035425186157227,7900,0.0,0.0
2000-01-19,15.738473274857528,16.035425600798234,14.996092460005757,15.36728286743164,8800,0.0,0.0
2000-01-20,15.441520690917969,15.886949172386755,15.144568369938776,15.441520690917969,6867,0.0,0.0
2000-01-21,15.44152120942051,15.738473540370904,15.293045043945312,15.293045043945312,6200,0.0,0.0
2000-01-24,15.293044761735567,15.441520924470863,14.550663948059082,14.550663948059082,11267,0.0,0.0
2000-01-25,15.293044260569982,18.262567417962213,14.99609194483076,16.629329681396484,75967,0.0,0.0
2000-01-26,16.183902036796496,16.183902036796496,14.84761654751972,15.293045043945312,10667,0.0,0.0
2000-01-27,15.14456844329834,15.293044604507147,14.55066379846311,15.14456844329834,7500,0.0,0.0
2000-01-28,15.14456859900027,15.14456859900027,13.659806971647303,14.550663948059082,11133,0.0,0.0
2000-01-31,14.550663576628033,14.550663576628033,13.511330464011746,14.10523509979248,8367,0.0,0.0
2000-02-01,14.550663437506165,16.62932964286419,14.105234964929446,14.699139595031738,6367,0.0,0.0
2000-02-02,14.996092518170675,14.996092518170675,13.956759373346964,14.253711700439453,7267,0.0,0.0
2000-02-03,14.253711331275202,14.253711331275202,13.659806692472069,13.808282852172852,9267,0.0,0.0
2000-02-04,13.659807205200195,13.956759535748027,13.659807205200195,13.659807205200195,8433,0.0,0.0
2000-02-07,13.95675895832203,16.183901345288312,13.882520878756488,16.035425186157227,46267,0.0,0.0
2000-02-08,16.183901493365948,16.332377653855545,14.69913988846999,15.441520690917969,24000,0.0,0.0
2000-02-09,15.441520843505858,15.441520843505858,14.699140033721923,14.847616195678711,11900,0.0,0.0
2000-02-10,14.699140303475515,17.22323510306222,14.402187974112374,15.589997291564941,65767,0.0,0.0
2000-02-11,16.035425410551184,16.035425410551184,14.55066379846311,15.14456844329834,6033,0.0,0.0
2000-02-14,15.441520765715953,15.441520765715953,14.402187637254304,15.14456844329834,9033,0.0,0.0
2000-02-15,14.921853901184711,15.29304429673657,14.253711189191367,14.40218734741211,5500,0.0,0.0
2000-02-16,15.144568138515828,15.886948929619544,14.40218734741211,14.40218734741211,15000,0.0,0.0
2000-02-17,15.21880771512183,18.11409308531574,15.21880771512183,15.886950492858887,107733,0.0,0.0
2000-02-18,16.035425785609654,16.55509236199515,14.847616468157087,15.589997291564941,17333,0.0,0.0
2000-02-22,14.847615752557312,15.589996540185176,13.511330334827154,14.699139595031738,17267,0.0,0.0
2000-02-23,15.589996778740073,16.183901417930173,14.996092139549976,15.738472938537598,21733,0.0,0.0
2000-02-24,16.035425186157227,16.480853663550484,14.847615913108543,16.035425186157227,29633,0.0,0.0
2000-02-25,18.41104540486974,20.93514033940833,17.81714071439007,18.856473922729492,208267,0.0,0.0
2000-02-28,19.895805154527938,29.24980310031346,19.598852838788716,24.943994522094727,605000,0.0,0.0
2000-02-29,35.63427893471379,36.228183583625686,29.695232445594822,31.32847023010254,503667,0.0,0.0
2000-03-01,32.070852310931095,32.070852310931095,26.280281754790757,27.171138763427734,142533,0.0,0.0
2000-03-02,27.839279666389388,30.289136277031655,27.319613112616786,28.80437469482422,72833,0.0,0.0
2000-03-03,29.472516746362274,29.546754823809028,26.131803261258238,26.762826919555664,45100,0.0,0.0
2000-03-06,27.913517679486958,29.101326942443848,24.647042206355504,24.943994522094727,45533,0.0,0.0
2000-03-07,24.57280633602923,26.13180613378335,22.568378024631077,25.38942527770996,84433,0.0,0.0
2000-03-08,26.13180384685084,28.80437469482422,25.537899213967865,28.80437469482422,82667,0.0,0.0
2000-03-09,29.175566136837006,29.99218503634135,27.468090256055195,28.507423400878906,47167,0.0,0.0
2000-03-10,28.358946810947376,28.50742297226124,26.428756713867188,26.428756713867188,30533,0.0,0.0
2000-03-13,24.05313821804304,24.94399518908167,20.93513881940783,24.201614379882812,43067,0.0,0.0
2000-03-14,24.201616518225226,24.201616518225226,21.232093019056485,21.45480728149414,23467,0.0,0.0
2000-03-15,21.38056739600929,21.974472045898438,19.895805771286422,21.974472045898438,42767,0.0,0.0
2000-03-16,21.529042962668598,21.677519121031832,19.747329062309817,20.489709854125977,12267,0.0,0.0
2000-03-17,20.192757537399512,21.083614487578902,19.00494827049366,20.489709854125977,11767,0.0,0.0
2000-03-20,20.34123420715332,21.380567341825387,19.30190107248125,20.34123420715332,33633,0.0,0.0
2000-03-21,20.19275804505731,20.489710369249327,19.30190107248125,20.34123420715332,21733,0.0,0.0
2000-03-22,19.30190086364746,20.192757826585034,19.00494854266827,19.30190086364746,20133,0.0,0.0
2000-03-23,19.153426334775727,22.27142597066945,19.153426334775727,21.52904510498047,20600,0.0,0.0
2000-03-24,24.94399572301794,26.131805043161652,21.97447242265866,24.053138732910156,44333,0.0,0.0
2000-03-27,23.459232454176075,25.240946311455268,22.865327835083008,22.865327835083008,16933,0.0,0.0
2000-03-28,22.34566168717935,23.756185182383362,20.786662034585444,21.083614349365234,18800,0.0,0.0
2000-03-29,21.232091116526767,21.677519601488868,17.965615560138033,18.707996368408203,29667,0.0,0.0
2000-03-30,18.26256893799368,19.301902129586818,16.777807235717773,16.777807235717773,22533,0.0,0.0
2000-03-31,17.14899667104085,19.00494869171627,16.777806266905767,18.707996368408203,9500,0.0,0.0
2000-04-03,18.114092574160324,18.411044911441643,17.223235562316376,17.37171173095703,17900,0.0,0.0
2000-04-04,17.66866378973026,17.66866378973026,13.80828346592365,14.996092796325684,40367,0.0,0.0
2000-04-05,14.699139512818435,18.26256727350169,14.253711042733029,17.223234176635742,33133,0.0,0.0
2000-04-06,17.9656165975385,18.411045108221273,16.777807235717773,16.777807235717773,5433,0.0,0.0
2000-04-07,16.777806888927113,16.777806888927113,15.88694988597523,16.332378387451172,13567,0.0,0.0
2000-04-10,15.441520765715953,16.332377732968798,15.14456844329834,15.14456844329834,4467,0.0,0.0
2000-04-11,15.293044845263163,15.441521008809408,14.253711700439453,14.253711700439453,23133,0.0,0.0
2000-04-12,13.956758999824523,14.253711318969726,10.690283489227294,11.878092765808105,54900,0.0,0.0
2000-04-13,11.284188270568848,13.065902208027087,11.284188270568848,11.284188270568848,33467,0.0,0.0
2000-04-14,10.98723568235125,10.98723568235125,8.314664840698242,8.314664840698242,36233,0.0,0.0
2000-04-17,7.869236469268799,10.096378866231667,7.126855670281176,7.869236469268799,35800,0.0,0.0
2000-04-18,7.572283935546875,8.9085693359375,7.423807779947917,8.9085693359375,14667,0.0,0.0
2000-04-19,8.908569853184586,10.541807659601762,8.017712867866129,8.760093688964844,22667,0.0,0.0
2000-04-20,8.760093772620486,9.205522269533391,8.463141441345215,8.463141441345215,14500,0.0,0.0
2000-04-24,8.31466531281424,8.908569978015258,7.126855982412206,7.498046398162842,4433,0.0,0.0
2000-04-25,8.314665222167967,8.46314138684954,7.4980463164193285,7.794998645782471,6100,0.0,0.0
2000-04-26,8.4631407558918,9.799426138401031,7.794998064637185,9.502473831176758,9533,0.0,0.0
2000-04-27,8.90857002951882,9.205522363836115,8.611617695201527,8.982808113098145,3900,0.0,0.0
2000-04-28,8.982807780069017,9.353998184204102,8.760093537587966,9.353998184204102,3533,0.0,0.0
2000-05-01,10.096378838838037,10.096378838838037,9.353998041864651,9.94790267944336,8600,0.0,0.0
2000-05-02,10.393331315782333,10.393331315782333,9.353998184204102,9.353998184204102,6400,0.0,0.0
2000-05-03,9.205521523952484,10.096378445625305,9.205521523952484,9.502473831176758,3933,0.0,0.0
2000-05-04,10.39333123427171,10.39333123427171,9.502474271334135,9.65095043182373,6333,0.0,0.0
2000-05-05,9.353998262374128,9.353998262374128,8.61161744789999,9.057045936584473,6733,0.0,0.0
2000-05-08,8.9085693359375,8.9085693359375,8.9085693359375,8.9085693359375,1333,0.0,0.0
2000-05-09,8.054831745577793,8.166188866484399,7.57228422164917,7.57228422164917,5267,0.0,0.0
2000-05-10,7.572284383976713,7.572284383976713,6.829903562018212,6.978379726409912,10267,0.0,0.0
2000-05-11,7.869236544066784,7.869236544066784,7.126855738022748,7.57228422164917,6000,0.0,0.0
2000-05-12,7.683641421551608,7.683641421551608,7.126855811294244,7.275331974029541,3433,0.0,0.0
2000-05-15,7.275332108284664,7.646522521972656,7.126855942809466,7.646522521972656,3067,0.0,0.0
2000-05-16,7.423808177312215,7.423808177312215,7.126855850219727,7.126855850219727,2900,0.0,0.0
2000-05-17,6.978379648558948,7.572284299500135,6.978379648558948,7.275331974029541,3200,0.0,0.0
2000-05-18,7.1268554687500005,9.205521647135418,7.1268554687500005,8.9085693359375,15733,0.0,0.0
2000-05-19,9.057046103895757,9.057046103895757,8.31466527570758,8.463141441345215,5100,0.0,0.0
2000-05-22,9.057045706996211,9.057045706996211,8.017712593078613,8.017712593078613,17933,0.0,0.0
2000-05-23,8.611617156437466,9.428236024720329,8.314664840698242,8.314664840698242,21233,0.0,0.0
2000-05-24,8.834331731001535,8.834331731001535,7.126855850219727,7.126855850219727,2767,0.0,0.0
2000-05-25,6.90414160490036,7.275332013765971,6.90414160490036,7.126855850219727,2533,0.0,0.0
2000-05-26,7.052617768446605,7.126855850219727,6.532951196034749,7.126855850219727,6533,0.0,0.0
2000-05-30,7.126855850219727,7.126855850219727,6.458713114261627,7.126855850219727,1933,0.0,0.0
2000-05-31,6.978379458915897,6.978379458915897,5.939046348013529,6.087522506713867,2800,0.0,0.0
2000-06-01,5.790570223331451,5.939046382904053,5.493617904186248,5.939046382904053,5000,0.0,0.0
2000-06-02,5.939046382904053,6.235998702049255,5.419379824399948,5.939046382904053,9733,0.0,0.0
2000-06-05,6.08752247265407,6.495831906795502,6.08752247265407,6.235998630523682,2267,0.0,0.0
2000-06-06,6.384474754333496,7.126855539721111,6.235998597255972,6.384474754333496,11900,0.0,0.0
2000-06-07,6.384474824114544,6.68142714151522,5.642094030612853,6.087522506713867,6567,0.0,0.0
2000-06-08,6.384474721821871,6.53295087814331,6.384474721821871,6.5329508781433105,2533,0.0,0.0
2000-06-09,7.126855738022748,7.720760382857977,6.6814272543963265,7.57228422164917,11167,0.0,0.0
2000-06-12,7.7207604622354316,8.017712787706024,7.275331974029541,7.275331974029541,3000,0.0,0.0
2000-06-13,8.017712629066324,8.166188788863847,7.869236469268799,7.869236469268799,733,0.0,0.0
2000-06-14,7.423808097839355,8.16618890762329,7.423808097839355,7.4238080978393555,2167,0.0,0.0
2000-06-15,7.4238082195850135,7.4238082195850135,6.829903562018212,6.978379726409912,4433,0.0,0.0
2000-06-16,6.978379686673482,7.126855850219727,6.978379686673482,7.126855850219727,333,0.0,0.0
2000-06-19,7.1268555034290655,7.1268555034290655,6.53295087814331,6.5329508781433105,4167,0.0,0.0
2000-06-20,6.532951196034749,7.126855850219727,6.532951196034749,7.126855850219727,4533,0.0,0.0
2000-06-21,6.829903225566065,6.829903225566065,6.384474754333496,6.384474754333496,3767,0.0,0.0
2000-06-22,6.3844748616218565,6.3844748616218565,5.64209406375885,5.939046382904053,4000,0.0,0.0
2000-06-23,5.64209406375885,6.087522542476654,5.64209406375885,5.939046382904053,1500,0.0,0.0
2000-06-26,5.642094135284424,5.642094135284424,5.642094135284424,5.642094135284424,267,0.0,0.0
2000-06-27,5.642094030612853,6.087522506713867,5.419379792562345,6.087522506713867,7933,0.0,0.0
2000-06-28,6.087522506713867,6.68142714151522,5.790570189313191,6.087522506713867,1433,0.0,0.0
2000-06-29,6.087522542476654,6.087522542476654,5.939046382904053,5.939046382904053,2467,0.0,0.0
2000-06-30,6.23599853515625,7.1268554687500005,6.087522379557292,6.681427001953125,7200,0.0,0.0
2000-07-03,6.681427001953126,6.681427001953126,6.681427001953126,6.681427001953125,0,0.0,0.0
2000-07-05,6.5329510211944575,6.5329510211944575,5.939046382904053,5.939046382904053,8400,0.0,0.0
2000-07-06,5.790570259094238,5.939046419583834,5.790570259094238,5.790570259094238,467,0.0,0.0
2000-07-07,5.790570259094238,5.790570259094238,5.790570259094238,5.790570259094238,133,0.0,0.0
2000-07-10,5.939046382904053,6.3844748616218565,5.790570223331451,5.939046382904053,3433,0.0,0.0
2000-07-11,5.790570259094238,6.384474901052622,5.790570259094238,5.790570259094238,3233,0.0,0.0
2000-07-12,5.790570259094238,5.939046419583834,5.790570259094238,5.790570259094238,2033,0.0,0.0
2000-07-13,5.864808377466703,5.93904645819413,5.642094135284424,5.642094135284424,2233,0.0,0.0
2000-07-14,5.642094135284424,5.93904645819413,5.345141812374717,5.642094135284424,2333,0.0,0.0
2000-07-17,5.345141887664795,5.939046541849772,5.345141887664795,5.345141887664795,1433,0.0,0.0
2000-07-18,5.345141887664795,5.345141887664795,5.345141887664795,5.345141887664795,1033,0.0,0.0
2000-07-19,5.382260945906122,6.829903545149837,5.345141904899872,6.1617608070373535,15567,0.0,0.0
2000-07-20,6.42159394117502,8.017712666438175,6.42159394117502,7.720760345458984,9967,0.0,0.0
2000-07-21,7.8692362467447925,9.205521647135418,7.720760091145834,8.9085693359375,27067,0.0,0.0
2000-07-24,11.135712109113994,14.402187661120765,10.096378978930021,11.284188270568848,155200,0.0,0.0
2000-07-25,11.655378300568154,11.878092535610858,8.3146647749276,8.611617088317871,33800,0.0,0.0
2000-07-26,8.38890310829761,8.38890310829761,7.423808060440362,7.57228422164917,5367,0.0,0.0
2000-07-27,7.423808177312215,7.720760504404704,7.126855850219727,7.126855850219727,6700,0.0,0.0
2000-07-28,7.275331659750504,7.423807816071943,6.235998565500433,6.5329508781433105,13833,0.0,0.0
2000-07-31,6.904141304104827,6.904141304104827,6.384474754333496,6.384474754333496,1333,0.0,0.0
2000-08-01,6.384474721821871,6.53295087814331,6.235998565500433,6.5329508781433105,2900,0.0,0.0
2000-08-02,6.829903602600098,6.829903602600098,6.3844751067783525,6.829903602600098,1267,0.0,0.0
2000-08-03,6.235998630523682,6.532950946262905,6.235998630523682,6.235998630523682,2067,0.0,0.0
2000-08-04,6.310236643661152,7.423807816071943,6.310236643661152,6.5329508781433105,4867,0.0,0.0
2000-08-07,6.235998597255972,6.829903225566065,5.939046283100926,6.384474754333496,6300,0.0,0.0
2000-08-08,6.68142733854406,6.829903501622817,6.310236930847168,6.310236930847168,667,0.0,0.0
2000-08-09,6.310236905072187,8.314665098448057,6.310236905072187,8.240427017211914,19167,0.0,0.0
2000-08-10,7.9434747497240705,8.314665158589682,7.126855850219727,7.126855850219727,13433,0.0,0.0
2000-08-11,7.16397477832495,7.57228422164917,7.126855738022748,7.57228422164917,1700,0.0,0.0
2000-08-14,7.423808097839355,7.423808097839355,7.423808097839355,7.4238080978393555,1600,0.0,0.0
2000-08-15,7.498046259085338,7.5722843408584595,7.126855850219727,7.126855850219727,1967,0.0,0.0
2000-08-16,7.126855933147929,7.275332098421844,6.3844751067783525,6.829903602600098,4867,0.0,0.0
2000-08-17,6.829903225566065,6.829903225566065,6.235998597255972,6.384474754333496,567,0.0,0.0
2000-08-18,6.310236709458487,6.310236709458487,6.08752247265407,6.235998630523682,2800,0.0,0.0
2000-08-21,6.5329510211944575,6.5329510211944575,5.939046382904053,5.939046382904053,5500,0.0,0.0
2000-08-22,6.384474997617761,7.275331974029541,6.124641712830991,7.275331974029541,9333,0.0,0.0
2000-08-23,7.275332055193314,7.720760548368414,6.978379726409913,6.978379726409912,5367,0.0,0.0
2000-08-24,7.275331863990196,7.720760345458984,7.275331863990196,7.720760345458984,167,0.0,0.0
2000-08-25,7.126855933147929,7.126855933147929,6.829903602600098,6.829903602600098,2033,0.0,0.0
2000-08-28,7.572283991451921,8.611617088317871,7.572283991451921,8.611617088317871,12800,0.0,0.0
2000-08-29,7.906355231038985,9.35399773813063,7.86923619239561,9.205521583557129,9167,0.0,0.0
2000-08-30,9.502475047674704,10.022141651844414,9.20552270243487,9.428236961364746,21600,0.0,0.0
2000-08-31,9.502474425268955,9.91078387322973,9.057045936584473,9.057045936584473,1433,0.0,0.0
2000-09-01,9.502475047674704,9.502475047674704,8.908570357195035,9.428236961364746,3233,0.0,0.0
2000-09-05,9.2055220413208,9.2055220413208,7.423808097839355,7.4238080978393555,12133,0.0,0.0
2000-09-06,7.423808177312215,7.720760504404704,6.978379686673482,7.126855850219727,3133,0.0,0.0
2000-09-07,7.720760940411768,8.166189456204755,7.720760940411768,8.091951370239258,3700,0.0,0.0
2000-09-08,7.720760382857977,8.017712705275592,7.57228422164917,7.57228422164917,3667,0.0,0.0
2000-09-11,7.4238082195850135,7.4238082195850135,6.978379726409913,6.978379726409912,167,0.0,0.0
2000-09-12,6.978379726409913,6.978379726409913,6.978379726409913,6.978379726409912,33,0.0,0.0
2000-09-13,6.978379611968994,7.423808097839355,6.978379611968994,7.4238080978393555,1600,0.0,0.0
2000-09-14,7.275332098421844,7.275332098421844,6.829903602600098,6.829903602600098,1367,0.0,0.0
2000-09-15,6.829903190786188,6.829903190786188,6.53295087814331,6.5329508781433105,6600,0.0,0.0
2000-09-18,6.384474721821871,7.572283972393382,5.939046252857555,6.5329508781433105,9133,0.0,0.0
2000-09-19,5.939046223958334,6.681427001953126,5.939046223958334,6.681427001953125,1433,0.0,0.0
2000-09-20,5.939046382904053,6.5329510211944575,5.939046382904053,5.939046382904053,3167,0.0,0.0
2000-09-21,5.939046348013529,6.087522506713867,5.939046348013529,6.087522506713867,633,0.0,0.0
2000-09-22,5.939046382904053,5.939046382904053,5.939046382904053,5.939046382904053,67,0.0,0.0
2000-09-25,5.976165582736333,6.013284623622894,5.345141887664795,5.345141887664795,3267,0.0,0.0
2000-09-26,5.34514177762545,5.790570259094238,5.048189456646258,5.790570259094238,3467,0.0,0.0
2000-09-27,5.64209406375885,5.939046382904053,5.048189425468444,5.939046382904053,2533,0.0,0.0
2000-09-28,5.939046419583834,5.939046419583834,5.790570259094238,5.790570259094238,933,0.0,0.0
2000-09-29,5.4936180512110395,5.4936180512110395,5.345141887664795,5.345141887664795,2667,0.0,0.0
2000-10-02,5.345141971812528,5.345141971812528,5.048189640045166,5.048189640045166,1100,0.0,0.0
2000-10-03,5.048189640045166,5.048189640045166,4.6027611423941215,5.048189640045166,2867,0.0,0.0
2000-10-04,4.7512369463520665,4.7512369463520665,4.6027607917785645,4.6027607917785645,1933,0.0,0.0
2000-10-05,4.6027607917785645,4.7512369463520665,4.454284637205062,4.6027607917785645,2667,0.0,0.0
2000-10-06,4.602760761976242,4.751236915588379,4.305808454751968,4.751236915588379,2233,0.0,0.0
2000-10-09,4.305808578218733,4.305808578218733,4.157332420349121,4.157332420349121,1400,0.0,0.0
2000-10-10,4.157332579294841,4.157332579294841,3.5634279251098633,3.5634279251098633,1033,0.0,0.0
2000-10-11,3.5634278297424316,3.7119039893150325,2.9695231914520264,2.9695231914520264,4833,0.0,0.0
2000-10-12,2.969523270924886,3.5634279251098633,2.5240947802861533,2.6725709438323975,2833,0.0,0.0
2000-10-13,2.598332862059275,3.2664755980173745,2.5240947802861533,2.6725709438323975,1400,0.0,0.0
2000-10-16,2.6725709438323975,2.8210471073786416,2.6725709438323975,2.6725709438323975,1567,0.0,0.0
2000-10-17,3.266475580176529,3.711904068382419,3.117999417441232,3.6376659870147705,2600,0.0,0.0
2000-10-18,2.9695231826217086,4.008856296539307,2.672570864359538,4.008856296539307,8233,0.0,0.0
2000-10-19,3.5634278191460504,4.008856296539307,3.1179993417527943,4.008856296539307,4700,0.0,0.0
2000-10-20,3.4149516912607045,3.860380172729492,3.4149516912607045,3.860380172729492,1067,0.0,0.0
2000-10-23,3.5634278517503004,3.860380172729492,3.5634278517503004,3.860380172729492,67,0.0,0.0
2000-10-24,3.6747848689556117,3.6747848689556117,3.266475439071655,3.2664754390716553,1367,0.0,0.0
2000-10-25,3.340713500976563,3.340713500976563,3.340713500976563,3.3407135009765625,100,0.0,0.0
2000-10-26,3.340713590383529,3.340713590383529,2.9695231914520264,2.9695231914520264,3267,0.0,0.0
2000-10-27,2.969523270924886,2.969523270924886,2.6725709438323975,2.6725709438323975,3800,0.0,0.0
2000-10-30,2.6725709438323975,2.6725709438323975,2.6725709438323975,2.6725709438323975,300,0.0,0.0
2000-10-31,2.6725708723068236,2.9695231914520264,2.524094712734222,2.9695231914520264,6233,0.0,0.0
2000-11-01,2.9695231914520264,2.9695231914520264,2.524094712734222,2.9695231914520264,1433,0.0,0.0
2000-11-02,2.524094683783395,3.117999315261841,2.524094683783395,3.117999315261841,7600,0.0,0.0
2000-11-03,3.1179993510246273,3.1179993510246273,2.9695231914520264,2.9695231914520264,4233,0.0,0.0
2000-11-06,2.969523229097065,2.969523229097065,2.821047067642212,2.821047067642212,833,0.0,0.0
2000-11-07,2.8210471517899456,2.8210471517899456,2.524094820022583,2.524094820022583,8433,0.0,0.0
2000-11-08,2.524094820022583,2.524094820022583,2.524094820022583,2.524094820022583,600,0.0,0.0
2000-11-09,2.524094820022583,2.672570985906264,2.22714248825522,2.524094820022583,5533,0.0,0.0
2000-11-10,2.3756184895833337,2.524094645182292,2.227142333984375,2.227142333984375,2067,0.0,0.0
2000-11-13,2.2642613728841146,2.3756184895833337,2.227142333984375,2.227142333984375,5333,0.0,0.0
2000-11-14,2.3756185259137834,2.3756185259137834,2.0786662101745605,2.0786662101745605,2600,0.0,0.0
2000-11-15,2.227142368044172,2.3756185259137834,2.0786662101745605,2.0786662101745605,9833,0.0,0.0
2000-11-16,2.078666227835196,2.375618546097367,2.0044281482696533,2.0044281482696533,1833,0.0,0.0
2000-11-17,1.930190052304949,2.0786662101745605,1.930190052304949,2.0786662101745605,4000,0.0,0.0
2000-11-20,1.9301900227864586,2.227142333984375,1.9301900227864586,2.227142333984375,3000,0.0,0.0
2000-11-21,2.3756185678335338,2.3756185678335338,1.930190086364746,1.930190086364746,1600,0.0,0.0
2000-11-22,1.8188330320750965,1.8188330320750965,1.2620474100112915,1.2620474100112915,4767,0.0,0.0
2000-11-24,1.2620474100112915,1.2620474100112915,1.2620474100112915,1.2620474100112915,0,0.0,0.0
2000-11-27,1.4847616145485325,1.9301900989130922,1.410523533821106,1.410523533821106,3167,0.0,0.0
2000-11-28,1.1878092288970947,1.1878092288970947,1.1878092288970947,1.1878092288970947,400,0.0,0.0
2000-11-29,1.1135712265968323,1.7817139625549316,1.1135712265968323,1.7817139625549316,3133,0.0,0.0
2000-11-30,1.1878093083699544,1.3362854719161987,1.1878093083699544,1.3362854719161987,3733,0.0,0.0
2000-12-01,1.3362853825092316,1.3362853825092316,1.1878092288970947,1.1878092288970947,2833,0.0,0.0
2000-12-04,1.1878092765808104,1.4847615957260132,1.0393331170082092,1.4847615957260132,7700,0.0,0.0
2000-12-05,1.4476425558328627,1.7817139148712158,1.4476425558328627,1.4847615957260132,5433,0.0,0.0
2000-12-06,1.5589996337890626,1.5589996337890626,1.1135711669921875,1.1135711669921875,5500,0.0,0.0
2000-12-07,1.4847616588368135,1.6332378247204948,1.2620474100112915,1.2620474100112915,1233,0.0,0.0
2000-12-08,1.187809291638826,1.410523533821106,1.1135712109113993,1.410523533821106,5600,0.0,0.0
2000-12-11,1.4476425558328627,1.4847615957260132,1.4476425558328627,1.4847615957260132,2000,0.0,0.0
2000-12-12,1.484761635462443,1.484761635462443,1.1135712265968323,1.3362854719161987,2567,0.0,0.0
2000-12-13,1.336285400390625,1.336285400390625,1.1135711669921875,1.1135711669921875,10133,0.0,0.0
2000-12-14,1.1135711967945099,1.1135711967945099,0.5939046382904052,0.7423807978630066,9867,0.0,0.0
2000-12-15,0.7423807978630066,1.0393331170082092,0.5939046382904052,0.7423807978630066,18433,0.0,0.0
2000-12-18,0.7423807893480574,0.7423807893480574,0.4454284736088344,0.5196665525436401,19567,0.0,0.0
2000-12-19,0.5196665724118551,1.0393331448237102,0.5196665724118551,0.8908569812774658,7633,0.0,0.0
2000-12-20,1.002214103937149,1.002214103937149,0.6681427359580994,0.6681427359580994,11400,0.0,0.0
2000-12-21,0.7052617579698562,0.7423807978630066,0.6681427180767059,0.7423807978630066,5100,0.0,0.0
2000-12-22,0.7423807978630066,0.7423807978630066,0.6681427180767059,0.7423807978630066,2133,0.0,0.0
2000-12-26,0.7423807680606843,0.8908569216728212,0.4454284608364106,0.5939046144485474,11500,0.0,0.0
2000-12-27,0.7794998064637185,0.7794998064637185,0.5939046144485474,0.5939046144485474,16933,0.0,0.0
2000-12-28,0.6310236528515816,0.7423807680606843,0.5939046144485474,0.5939046144485474,27167,0.0,0.0
2000-12-29,0.6681427359580994,0.8908569812774658,0.5939046541849772,0.8908569812774658,27167,0.0,0.0
2001-01-02,0.7423808177312216,0.7423808177312216,0.6681427359580994,0.6681427359580994,1733,0.0,0.0
2001-01-03,0.6681427359580994,0.6681427359580994,0.6681427359580994,0.6681427359580994,200,0.0,0.0
2001-01-04,0.6681427359580994,0.6681427359580994,0.6681427359580994,0.6681427359580994,33,0.0,0.0
2001-01-05,0.6681427359580994,0.6681427359580994,0.6681427359580994,0.6681427359580994,0,0.0,0.0
2001-01-08,0.8908569687291195,0.8908569687291195,0.6681427265468396,0.705261766910553,2367,0.0,0.0
2001-01-09,0.7423807816071943,0.8166188597679137,0.6681427034464749,0.8166188597679138,6867,0.0,0.0
2001-01-10,0.7423807978630066,0.7423807978630066,0.7423807978630066,0.7423807978630066,2333,0.0,0.0
2001-01-11,0.8166188597679137,0.8166188597679137,0.8166188597679137,0.8166188597679138,333,0.0,0.0
2001-01-12,0.8166188682828631,1.0393331050872803,0.7423807893480574,1.0393331050872803,10400,0.0,0.0
2001-01-16,1.1878092288970947,1.1878092288970947,0.8908569216728212,1.1878092288970947,2133,0.0,0.0
2001-01-17,1.336285492953132,2.004428239429698,1.2620474100112915,1.2620474100112915,5167,0.0,0.0
2001-01-18,1.9301900227864586,2.227142333984375,1.262047322591146,2.227142333984375,2900,0.0,0.0
2001-01-19,2.1157852275805036,2.1157852275805036,1.4847615632143887,1.6332377195358276,1267,0.0,0.0
2001-01-22,1.6332377552986144,1.6332377552986144,1.4847615957260132,1.4847615957260132,2233,0.0,0.0
2001-01-23,1.3362854719161987,1.3362854719161987,1.3362854719161987,1.3362854719161987,1733,0.0,0.0
2001-01-24,1.4847615957260132,1.4847615957260132,1.4847615957260132,1.4847615957260132,3667,0.0,0.0
2001-01-25,1.8559520443280537,1.8559520443280537,1.3362854719161987,1.3362854719161987,9567,0.0,0.0
2001-01-26,1.484761635462443,1.484761635462443,1.3362854719161987,1.3362854719161987,5400,0.0,0.0
2001-01-29,1.3362854361534118,1.4847615957260132,1.3362854361534118,1.4847615957260132,1933,0.0,0.0
2001-01-30,1.5589996576309204,1.5589996576309204,1.5589996576309204,1.5589996576309204,567,0.0,0.0
2001-01-31,1.4105235159397125,1.4847615957260132,1.4105235159397125,1.4847615957260132,3467,0.0,0.0
2001-02-01,1.4105234593153,1.4105234593153,1.1878092288970947,1.1878092288970947,10367,0.0,0.0
2001-02-02,1.4847615632143887,2.3013804229823025,1.3362854068929497,1.6332377195358276,23100,0.0,0.0
2001-02-05,1.7074758456303523,1.930190086364746,1.4847616048959584,1.930190086364746,1767,0.0,0.0
2001-02-06,2.004428186416626,2.0786662673950196,1.8559520244598386,1.8559520244598389,6633,0.0,0.0
2001-02-07,1.7817139625549316,1.7817139625549316,1.7817139625549316,1.7817139625549316,333,0.0,0.0
2001-02-08,1.7817139832869822,1.7817139832869822,1.7074759006500244,1.7074759006500244,1300,0.0,0.0
2001-02-09,1.7074759006500244,1.7074759006500244,1.7074759006500244,1.7074759006500244,0,0.0,0.0
2001-02-12,1.7074759006500244,1.7074759006500244,1.7074759006500244,1.7074759006500244,0,0.0,0.0
2001-02-13,1.6332377115885417,1.6703567504882815,1.6332377115885417,1.6703567504882812,4100,0.0,0.0
2001-02-14,1.9301900227864586,2.524094645182292,1.7817138671875001,2.227142333984375,12000,0.0,0.0
2001-02-15,2.227142368044172,2.227142368044172,2.0786662101745605,2.0786662101745605,1233,0.0,0.0
2001-02-16,2.004428115384332,2.2271423504270356,1.8559519586891964,2.1529042720794678,6833,0.0,0.0
2001-02-20,2.078666164029029,2.3013803958892822,2.078666164029029,2.3013803958892822,5333,0.0,0.0
2001-02-21,2.152904256184896,2.227142333984375,2.0044281005859377,2.227142333984375,7633,0.0,0.0
2001-02-22,2.004428166609544,2.004428166609544,1.930190086364746,1.930190086364746,1700,0.0,0.0
2001-02-23,2.227142407343938,2.227142407343938,1.930190086364746,1.930190086364746,1467,0.0,0.0
2001-02-26,1.893071046242347,2.078666246854342,1.893071046242347,1.930190086364746,700,0.0,0.0
2001-02-27,1.9301900687041107,2.0044281482696533,1.9301900687041107,2.0044281482696533,467,0.0,0.0
2001-02-28,2.004428207874298,2.004428207874298,1.6332377990086873,1.7817139625549316,4033,0.0,0.0
2001-03-01,1.6332378247204948,1.6332378247204948,1.2620474100112915,1.2620474100112915,8000,0.0,0.0
2001-03-02,1.3362854208265034,2.0786662101745605,1.3362854208265034,2.0786662101745605,9400,0.0,0.0
2001-03-05,2.15290424131578,2.3013803958892822,1.9301900094555269,2.3013803958892822,7933,0.0,0.0
2001-03-06,2.078666340221058,2.449856758117676,2.078666340221058,2.449856758117676,8333,0.0,0.0
2001-03-07,2.449856534600258,2.449856534600258,2.301380380988121,2.3756184577941895,3900,0.0,0.0
2001-03-08,2.3756184577941895,2.3756184577941895,2.2271423041820526,2.3756184577941895,1733,0.0,0.0
2001-03-09,2.3756184577941895,2.3756184577941895,2.3756184577941895,2.3756184577941895,2000,0.0,0.0
2001-03-12,2.3756184731760333,2.3756184731760333,2.15290424131578,2.3013803958892822,10500,0.0,0.0
2001-03-13,2.301380590959029,2.449856758117676,2.227142507379705,2.449856758117676,1700,0.0,0.0
2001-03-14,2.3756184577941895,2.3756184577941895,2.3756184577941895,2.3756184577941895,3100,0.0,0.0
2001-03-15,2.449856534600258,2.449856534600258,2.3756184577941895,2.3756184577941895,167,0.0,0.0
2001-03-16,2.375618674538352,2.449856758117676,2.375618674538352,2.449856758117676,5900,0.0,0.0
2001-03-19,2.449856758117676,2.449856758117676,2.449856758117676,2.449856758117676,2600,0.0,0.0
2001-03-20,2.3756184577941895,2.449856534600258,2.3756184577941895,2.3756184577941895,967,0.0,0.0
2001-03-21,2.3756184577941895,2.3756184577941895,2.3756184577941895,2.3756184577941895,267,0.0,0.0
2001-03-22,2.3756184577941895,2.3756184577941895,1.9301899969577792,2.3756184577941895,8867,0.0,0.0
2001-03-23,2.3756184577941895,2.3756184577941895,2.3756184577941895,2.3756184577941895,2567,0.0,0.0
2001-03-26,2.449856534600258,2.449856534600258,2.2271423041820526,2.3756184577941895,2033,0.0,0.0
2001-03-27,2.4127377163280137,2.449856758117676,2.375618674538352,2.449856758117676,1267,0.0,0.0
2001-03-28,2.3756184577941895,2.3756184577941895,2.3756184577941895,2.3756184577941895,167,0.0,0.0
2001-03-29,2.3756184895833337,2.3756184895833337,2.227142333984375,2.227142333984375,867,0.0,0.0
2001-03-30,2.152904227375984,2.3756184577941895,2.0786661505699158,2.3756184577941895,4200,0.0,0.0
2001-04-02,2.3756184577941895,2.449856534600258,2.2271423041820526,2.3756184577941895,11500,0.0,0.0
2001-04-03,2.3756185259137834,2.3756185259137834,2.0786662101745605,2.0786662101745605,1000,0.0,0.0
2001-04-04,2.1529043714205423,2.1529043714205423,1.2620473901430767,1.7817139625549316,4000,0.0,0.0
2001-04-05,1.3362854719161987,1.7817139625549316,1.3362854719161987,1.7817139625549316,933,0.0,0.0
2001-04-06,1.4476424977183342,2.3756184577941895,1.4476424977183342,2.3756184577941895,23600,0.0,0.0
2001-04-09,2.3518622958719106,2.3993746197164683,2.1380566497742093,2.3756184577941895,20700,0.0,0.0
2001-04-10,2.3993746197164683,2.3993746197164683,2.2805938101050742,2.3756184577941895,3833,0.0,0.0
2001-04-11,2.3993748130576953,2.4468871407307886,2.2093253135681152,2.2093253135681152,2200,0.0,0.0
2001-04-12,2.2093252620779693,2.3756185938553998,2.1380567722293002,2.3518624305725098,4967,0.0,0.0
2001-04-16,2.209325426537853,2.3756187706939866,2.209325426537853,2.2805941104888916,2800,0.0,0.0
2001-04-17,2.3756185938553998,2.3756185938553998,2.2568375886437484,2.3518624305725098,5867,0.0,0.0
2001-04-18,2.3518624649712745,2.375618628601626,2.256837621652662,2.3043501377105713,16267,0.0,0.0
2001-04-19,2.328106133949632,2.3756184577941895,2.328106133949632,2.3756184577941895,3533,0.0,0.0
2001-04-20,2.3756184577941895,2.3756184577941895,2.304349972027353,2.3756184577941895,4667,0.0,0.0
2001-04-23,2.3756185938553998,2.470643246986958,2.3518624305725098,2.3518624305725098,1600,0.0,0.0
2001-04-24,2.375618628601626,2.375618628601626,2.3043501377105713,2.3043501377105713,2567,0.0,0.0
2001-04-25,2.3043501377105713,2.375618628601626,2.3043501377105713,2.3043501377105713,5967,0.0,0.0
2001-04-26,2.304350122167486,2.304350122167486,2.2568376064300537,2.2568376064300537,14833,0.0,0.0
2001-04-27,2.1855692076937836,2.1855692076937836,2.0667881965637207,2.0667881965637207,1700,0.0,0.0
2001-04-30,2.2568376064300537,2.2568376064300537,2.2568376064300537,2.2568376064300537,1333,0.0,0.0
2001-05-01,2.2568376064300537,2.2568376064300537,2.2568376064300537,2.2568376064300537,1000,0.0,0.0
2001-05-02,2.138056755065918,2.138056755065918,2.1143005919737323,2.138056755065918,4533,0.0,0.0
2001-05-03,2.209325244342475,2.209325244342475,2.138056755065918,2.138056755065918,5233,0.0,0.0
2001-05-04,2.138056755065918,2.138056755065918,2.138056755065918,2.138056755065918,0,0.0,0.0
2001-05-07,2.0905444622039795,2.0905444622039795,2.0905444622039795,2.0905444622039795,167,0.0,0.0
2001-05-08,2.0430319138999744,2.138056755065918,2.0430319138999744,2.138056755065918,2400,0.0,0.0
2001-05-09,2.0430319138999744,2.138056755065918,2.0430319138999744,2.138056755065918,1667,0.0,0.0
2001-05-10,2.138056755065918,2.138056755065918,2.138056755065918,2.138056755065918,1167,0.0,0.0
2001-05-11,2.0905445498275035,2.0905445498275035,2.0667881965637207,2.0667881965637207,667,0.0,0.0
2001-05-14,2.0667883354044805,2.0667883354044805,2.043032169342041,2.043032169342041,867,0.0,0.0
2001-05-15,2.138056755065918,2.138056755065918,2.138056755065918,2.138056755065918,667,0.0,0.0
2001-05-16,2.138056755065918,2.138056755065918,2.138056755065918,2.138056755065918,333,0.0,0.0
2001-05-17,2.019275665283203,2.019275665283203,2.019275665283203,2.019275665283203,3500,0.0,0.0
2001-05-18,2.019275665283203,2.019275665283203,2.019275665283203,2.019275665283203,0,0.0,0.0
2001-05-21,2.0192758560919,2.0192758560919,1.9242511987686157,1.9242511987686157,12500,0.0,0.0
2001-05-22,1.9242511987686157,2.0667881847535416,1.9004950344377949,1.9242511987686157,3367,0.0,0.0
2001-05-23,1.9004950523376463,1.9004950523376463,1.9004950523376463,1.9004950523376465,600,0.0,0.0
2001-05-24,1.900495025499016,2.1618130207061768,1.8054701798254598,2.1618130207061768,12467,0.0,0.0
2001-05-25,2.185569184925263,2.3043501948179057,2.0905445280489174,2.1618130207061768,13133,0.0,0.0
2001-05-29,2.3043502386795622,2.32810640335083,2.3043502386795622,2.32810640335083,2000,0.0,0.0
2001-05-30,2.32810640335083,2.32810640335083,2.32810640335083,2.32810640335083,500,0.0,0.0
2001-05-31,2.328106301340923,2.328106301340923,2.3043501377105713,2.3043501377105713,333,0.0,0.0
2001-06-01,2.185569261486579,2.2805941104888916,2.185569261486579,2.2805941104888916,2167,0.0,0.0
2001-06-04,2.3043501377105713,2.3043501377105713,2.3043501377105713,2.3043501377105713,33,0.0,0.0
2001-06-05,2.2093253135681152,2.2093253135681152,2.2093253135681152,2.2093253135681152,33,0.0,0.0
2001-06-06,2.2093253135681152,2.2093253135681152,2.2093253135681152,2.2093253135681152,0,0.0,0.0
2001-06-07,2.209325244342475,2.209325244342475,2.138056755065918,2.138056755065918,400,0.0,0.0
2001-06-08,2.138056755065918,2.138056755065918,2.138056755065918,2.138056755065918,333,0.0,0.0
2001-06-11,2.2093252943919595,2.3043501377105713,2.1380568035009047,2.3043501377105713,6433,0.0,0.0
2001-06-12,2.304350071637694,2.3993747234344482,2.304350071637694,2.3993747234344482,7933,0.0,0.0
2001-06-13,2.3043502386795622,2.375618732693366,2.3043502386795622,2.32810640335083,2733,0.0,0.0
2001-06-14,2.32810640335083,2.32810640335083,2.32810640335083,2.32810640335083,167,0.0,0.0
2001-06-15,2.32810640335083,2.32810640335083,2.32810640335083,2.32810640335083,0,0.0,0.0
2001-06-18,2.32810640335083,2.32810640335083,2.32810640335083,2.32810640335083,0,0.0,0.0
2001-06-19,2.3043501377105713,2.3043501377105713,2.3043501377105713,2.3043501377105713,3033,0.0,0.0
2001-06-20,2.3043501377105713,2.3043501377105713,2.3043501377105713,2.3043501377105713,333,0.0,0.0
2001-06-21,2.32810640335083,2.32810640335083,2.32810640335083,2.32810640335083,167,0.0,0.0
2001-06-22,2.32810640335083,2.32810640335083,2.32810640335083,2.32810640335083,167,0.0,0.0
2001-06-25,2.3043501377105713,2.3043501377105713,2.3043501377105713,2.3043501377105713,333,0.0,0.0
2001-06-26,2.3043501377105713,2.3043501377105713,2.3043501377105713,2.3043501377105713,0,0.0,0.0
2001-06-27,2.3043501377105713,2.3043501377105713,2.3043501377105713,2.3043501377105713,1500,0.0,0.0
2001-06-28,2.3043501377105713,2.3043501377105713,2.3043501377105713,2.3043501377105713,0,0.0,0.0
2001-06-29,2.23308144295994,2.2568376064300537,2.23308144295994,2.2568376064300537,2033,0.0,0.0
2001-07-02,2.138056789079485,2.2568376064300537,2.138056789079485,2.2568376064300537,67,0.0,0.0
2001-07-03,2.138056755065918,2.138056755065918,2.138056755065918,2.138056755065918,33,0.0,0.0
2001-07-05,2.138056755065918,2.138056755065918,2.138056755065918,2.138056755065918,0,0.0,0.0
2001-07-06,2.138056755065918,2.138056755065918,2.138056755065918,2.138056755065918,0,0.0,0.0
2001-07-09,2.114300686641152,2.114300686641152,1.876738667488098,1.8767386674880981,900,0.0,0.0
2001-07-10,1.8767386110778037,1.8767386110778037,1.2828340530395508,1.2828340530395508,6567,0.0,0.0
2001-07-11,1.211565531017951,1.211565531017951,0.9977598601793252,1.164053201675415,967,0.0,0.0
2001-07-12,0.997759855277961,1.1878093605117257,0.9502475261688231,0.9502475261688232,1300,0.0,0.0
2001-07-13,0.9502475261688231,0.9502475261688231,0.9502475261688231,0.9502475261688232,0,0.0,0.0
2001-07-16,0.9502475261688231,0.9502475261688231,0.9502475261688231,0.9502475261688232,0,0.0,0.0
2001-07-17,0.9740036907233921,0.9740036907233921,0.9502475261688231,0.9502475261688232,800,0.0,0.0
2001-07-18,0.9502475193102758,0.9502475193102758,0.9264912605285645,0.9264912605285645,1800,0.0,0.0
2001-07-19,1.1640531699059382,1.1640531699059382,0.8314664959907532,0.8314664959907532,467,0.0,0.0
2001-07-20,1.1640531699059382,1.1640531699059382,0.7126855814775891,0.8314664959907532,1567,0.0,0.0
2001-07-23,0.9027350320513322,0.9264911947477517,0.49887988861780463,0.6889293789863586,11233,0.0,0.0
2001-07-24,0.5939046802558628,0.5939046802558628,0.47512376308441157,0.4751237630844116,8833,0.0,0.0
2001-07-25,0.4513675450389383,0.47512375646167326,0.3800989815696873,0.427611380815506,9100,0.0,0.0
2001-07-26,0.30883042886238526,0.4276113957166672,0.2613180751601855,0.28507426381111145,1967,0.0,0.0
2001-07-27,0.33258660592351996,0.4513675450389383,0.28507425387700397,0.427611380815506,21767,0.0,0.0
2001-07-30,0.3563427937466036,0.427611380815506,0.26131806605392033,0.427611380815506,13367,0.0,0.0
2001-07-31,0.427611369934705,0.427611369934705,0.3088304102420807,0.3088304102420807,1033,0.0,0.0
2001-08-01,0.40385517477989197,0.4276113865195168,0.40385517477989197,0.40385517477989197,4700,0.0,0.0
2001-08-02,0.33258659746067537,0.4038551591164596,0.3088304102420807,0.3088304102420807,1867,0.0,0.0
2001-08-03,0.28507424425794636,0.38009896874427795,0.28507424425794636,0.38009896874427795,233,0.0,0.0
2001-08-06,0.2613180751601855,0.30883042886238526,0.2613180751601855,0.28507426381111145,1900,0.0,0.0
2001-08-07,0.30883042771502706,0.3325866162776947,0.30883042771502706,0.3325866162776947,1300,0.0,0.0
2001-08-08,0.3088304102420807,0.3088304102420807,0.3088304102420807,0.3088304102420807,33,0.0,0.0
2001-08-09,0.3325866162776947,0.3325866162776947,0.3325866162776947,0.3325866162776947,1167,0.0,0.0
2001-08-10,0.3325866162776947,0.3325866162776947,0.3325866162776947,0.3325866162776947,1200,0.0,0.0
2001-08-13,0.3325866162776947,0.3325866162776947,0.3325866162776947,0.3325866162776947,0,0.0,0.0
2001-08-14,0.3325866162776947,0.3325866162776947,0.3325866162776947,0.3325866162776947,0,0.0,0.0
2001-08-15,0.3325866162776947,0.3325866162776947,0.3325866162776947,0.3325866162776947,0,0.0,0.0
2001-08-16,0.3325866162776947,0.3325866162776947,0.3325866162776947,0.3325866162776947,0,0.0,0.0
2001-08-17,0.35634279251098633,0.35634279251098633,0.35634279251098633,0.35634279251098633,600,0.0,0.0
2001-08-20,0.35634279251098633,0.35634279251098633,0.35634279251098633,0.35634279251098633,0,0.0,0.0
2001-08-21,0.3088304083168464,0.3088304083168464,0.26131805777549744,0.26131805777549744,1000,0.0,0.0
2001-08-22,0.26131805777549744,0.26131805777549744,0.26131805777549744,0.26131805777549744,0,0.0,0.0
2001-08-23,0.35634278172278244,0.38009896874427795,0.35634278172278244,0.38009896874427795,1000,0.0,0.0
2001-08-24,0.38009896874427795,0.38009896874427795,0.26131805723645085,0.38009896874427795,667,0.0,0.0
2001-08-27,0.38009896874427795,0.38009896874427795,0.38009896874427795,0.38009896874427795,0,0.0,0.0
2001-08-28,0.35634278245784595,0.35634278245784595,0.26131805777549744,0.26131805777549744,2000,0.0,0.0
2001-08-29,0.28507426381111145,0.28507426381111145,0.28507426381111145,0.28507426381111145,667,0.0,0.0
2001-08-30,0.28507426381111145,0.28507426381111145,0.28507426381111145,0.28507426381111145,0,0.0,0.0
2001-08-31,0.28507426381111145,0.28507426381111145,0.28507426381111145,0.28507426381111145,333,0.0,0.0
2001-09-04,0.28507426381111145,0.28507426381111145,0.28507426381111145,0.28507426381111145,0,0.0,0.0
2001-09-05,0.30883042886238526,0.3563428061642372,0.28507426381111145,0.28507426381111145,3000,0.0,0.0
2001-09-06,0.28507426381111145,0.28507426381111145,0.28507426381111145,0.28507426381111145,0,0.0,0.0
2001-09-07,0.28507426381111145,0.28507426381111145,0.28507426381111145,0.28507426381111145,0,0.0,0.0
2001-09-10,0.28507426381111145,0.28507426381111145,0.28507426381111145,0.28507426381111145,700,0.0,0.0
2001-09-17,0.28507426381111145,0.28507426381111145,0.28507426381111145,0.28507426381111145,0,0.0,0.0
2001-09-18,0.28507426381111145,0.28507426381111145,0.28507426381111145,0.28507426381111145,0,0.0,0.0
2001-09-19,0.28507426381111145,0.28507426381111145,0.28507426381111145,0.28507426381111145,0,0.0,0.0
2001-09-20,0.2613180741893439,0.2613180741893439,0.16629330813884735,0.16629330813884735,2900,0.0,0.0
2001-09-21,0.16629330527971822,0.23756188154220578,0.16629330527971822,0.2375618815422058,667,0.0,0.0
2001-09-24,0.23756188154220578,0.23756188154220578,0.23756188154220578,0.2375618815422058,0,0.0,0.0
2001-09-25,0.23756188154220578,0.23756188154220578,0.23756188154220578,0.2375618815422058,667,0.0,0.0
2001-09-26,0.23756188154220578,0.23756188154220578,0.23756188154220578,0.2375618815422058,0,0.0,0.0
2001-09-27,0.23756188154220578,0.23756188154220578,0.23756188154220578,0.2375618815422058,0,0.0,0.0
2001-09-28,0.16629330296175998,0.28507425387700397,0.16629330296175998,0.213805690407753,467,0.0,0.0
2001-10-01,0.213805690407753,0.213805690407753,0.213805690407753,0.213805690407753,0,0.0,0.0
2001-10-02,0.213805690407753,0.213805690407753,0.213805690407753,0.213805690407753,0,0.0,0.0
2001-10-03,0.213805690407753,0.213805690407753,0.213805690407753,0.213805690407753,3333,0.0,0.0
2001-10-04,0.14253712892532347,0.16629330527971822,0.09502474671696941,0.1187809407711029,4333,0.0,0.0
2001-10-05,0.19004948437213898,0.35634278172278244,0.19004948437213898,0.19004948437213898,8267,0.0,0.0
2001-10-08,0.19004948437213898,0.19004948437213898,0.19004948437213898,0.19004948437213898,0,0.0,0.0
2001-10-09,0.19004948476417285,0.26131805777549744,0.19004948476417285,0.26131805777549744,3133,0.0,0.0
2001-10-10,0.19004948437213898,0.19004948437213898,0.19004948437213898,0.19004948437213898,300,0.0,0.0
2001-10-11,0.19004948437213898,0.19004948437213898,0.19004948437213898,0.19004948437213898,0,0.0,0.0
2001-10-12,0.19004948437213898,0.19004948437213898,0.19004948437213898,0.19004948437213898,0,0.0,0.0
2001-10-15,0.19004948437213898,0.19004948437213898,0.19004948437213898,0.19004948437213898,700,0.0,0.0
2001-10-16,0.26131805777549744,0.26131805777549744,0.26131805777549744,0.26131805777549744,167,0.0,0.0
2001-10-17,0.26131805777549744,0.26131805777549744,0.26131805777549744,0.26131805777549744,0,0.0,0.0
2001-10-18,0.19004948437213898,0.19004948437213898,0.19004948437213898,0.19004948437213898,133,0.0,0.0
2001-10-19,0.19004948437213898,0.19004948437213898,0.19004948437213898,0.19004948437213898,0,0.0,0.0
2001-10-22,0.19004948437213898,0.19004948437213898,0.19004948437213898,0.19004948437213898,333,0.0,0.0
2001-10-23,0.19004948437213898,0.19004948437213898,0.19004948437213898,0.19004948437213898,0,0.0,0.0
2001-10-24,0.19004948437213898,0.19004948437213898,0.19004948437213898,0.19004948437213898,100,0.0,0.0
2001-10-25,0.19004948437213898,0.19004948437213898,0.19004948437213898,0.19004948437213898,4133,0.0,0.0
2001-10-26,0.19004948437213898,0.19004948437213898,0.19004948437213898,0.19004948437213898,0,0.0,0.0
2001-10-29,0.19004948437213898,0.19004948437213898,0.19004948437213898,0.19004948437213898,0,0.0,0.0
2001-10-30,0.213805690407753,0.213805690407753,0.213805690407753,0.213805690407753,233,0.0,0.0
2001-10-31,0.213805690407753,0.213805690407753,0.213805690407753,0.213805690407753,700,0.0,0.0
2001-11-01,0.213805690407753,0.213805690407753,0.213805690407753,0.213805690407753,0,0.0,0.0
2001-11-02,0.213805690407753,0.213805690407753,0.213805690407753,0.213805690407753,33,0.0,0.0
2001-11-05,0.21380569338798522,0.23756188154220578,0.21380569338798522,0.2375618815422058,12133,0.0,0.0
2001-11-06,0.23756188154220578,0.23756188154220578,0.23756188154220578,0.2375618815422058,0,0.0,0.0
2001-11-07,0.213805690407753,0.213805690407753,0.213805690407753,0.213805690407753,400,0.0,0.0
2001-11-08,0.213805690407753,0.213805690407753,0.213805690407753,0.213805690407753,2500,0.0,0.0
2001-11-09,0.213805690407753,0.213805690407753,0.213805690407753,0.213805690407753,2333,0.0,0.0
2001-11-12,0.23756188154220578,0.23756188154220578,0.23756188154220578,0.2375618815422058,1667,0.0,0.0
2001-11-13,0.23756188154220578,0.23756188154220578,0.23756188154220578,0.2375618815422058,0,0.0,0.0
2001-11-14,0.213805690407753,0.213805690407753,0.213805690407753,0.213805690407753,233,0.0,0.0
2001-11-15,0.213805690407753,0.213805690407753,0.213805690407753,0.213805690407753,33,0.0,0.0
2001-11-16,0.213805690407753,0.23756187823083663,0.213805690407753,0.213805690407753,1067,0.0,0.0
2001-11-19,0.213805690407753,0.213805690407753,0.213805690407753,0.213805690407753,33,0.0,0.0
2001-11-20,0.213805690407753,0.213805690407753,0.213805690407753,0.213805690407753,0,0.0,0.0
2001-11-21,0.213805690407753,0.213805690407753,0.213805690407753,0.213805690407753,0,0.0,0.0
2001-11-23,0.213805690407753,0.213805690407753,0.213805690407753,0.213805690407753,0,0.0,0.0
2001-11-26,0.213805690407753,0.213805690407753,0.213805690407753,0.213805690407753,0,0.0,0.0
2001-11-27,0.213805690407753,0.213805690407753,0.213805690407753,0.213805690407753,0,0.0,0.0
2001-11-28,0.213805690407753,0.213805690407753,0.213805690407753,0.213805690407753,1333,0.0,0.0
2001-11-29,0.213805690407753,0.213805690407753,0.213805690407753,0.213805690407753,0,0.0,0.0
2001-11-30,0.213805690407753,0.213805690407753,0.213805690407753,0.213805690407753,0,0.0,0.0
2001-12-03,0.213805690407753,0.213805690407753,0.213805690407753,0.213805690407753,3433,0.0,0.0
2001-12-04,0.213805690407753,0.213805690407753,0.213805690407753,0.213805690407753,167,0.0,0.0
2001-12-05,0.213805690407753,0.213805690407753,0.213805690407753,0.213805690407753,6000,0.0,0.0
2001-12-06,0.213805690407753,0.213805690407753,0.213805690407753,0.213805690407753,300,0.0,0.0
2001-12-07,0.213805690407753,0.213805690407753,0.213805690407753,0.213805690407753,433,0.0,0.0
2001-12-10,0.213805690407753,0.213805690407753,0.213805690407753,0.213805690407753,667,0.0,0.0
2001-12-11,0.213805690407753,0.213805690407753,0.213805690407753,0.213805690407753,0,0.0,0.0
2001-12-12,0.23756188154220578,0.23756188154220578,0.23756188154220578,0.2375618815422058,1667,0.0,0.0
2001-12-13,0.23756188154220578,0.23756188154220578,0.23756188154220578,0.2375618815422058,733,0.0,0.0
2001-12-14,0.23756188154220578,0.23756188154220578,0.23756188154220578,0.2375618815422058,367,0.0,0.0
2001-12-17,0.23756188154220578,0.23756188154220578,0.23756188154220578,0.2375618815422058,300,0.0,0.0
2001-12-18,0.23756188154220578,0.23756188154220578,0.23756188154220578,0.2375618815422058,533,0.0,0.0
2001-12-19,0.23756188562667627,0.23756188562667627,0.16629330813884735,0.16629330813884735,26833,0.0,0.0
2001-12-20,0.16629330813884735,0.16629330813884735,0.16629330813884735,0.16629330813884735,33,0.0,0.0
2001-12-21,0.16629330813884735,0.16629330813884735,0.16629330813884735,0.16629330813884735,700,0.0,0.0
2001-12-24,0.16629330296175998,0.213805690407753,0.16629330296175998,0.213805690407753,16767,0.0,0.0
2001-12-26,0.16629330813884735,0.16629330813884735,0.16629330813884735,0.16629330813884735,2333,0.0,0.0
2001-12-27,0.1662933087566556,0.1662933087566556,0.14253713190555573,0.14253713190555573,3033,0.0,0.0
2001-12-28,0.14253713190555573,0.14253713190555573,0.14253713190555573,0.14253713190555573,867,0.0,0.0
2001-12-31,0.14253712892532347,0.16629330527971822,0.11878094077110289,0.1187809407711029,18500,0.0,0.0
2002-01-02,0.11878094077110289,0.11878094077110289,0.11878094077110289,0.1187809407711029,0,0.0,0.0
2002-01-03,0.11878094077110289,0.11878094077110289,0.11878094077110289,0.1187809407711029,0,0.0,0.0
2002-01-04,0.11878094077110289,0.11878094077110289,0.11878094077110289,0.1187809407711029,0,0.0,0.0
2002-01-07,0.11878094281333813,0.16629330813884735,0.11878094281333813,0.16629330813884735,3333,0.0,0.0
2002-01-08,0.11878094077110289,0.11878094077110289,0.11878094077110289,0.1187809407711029,100,0.0,0.0
2002-01-09,0.19004948437213898,0.19004948437213898,0.19004948437213898,0.19004948437213898,1667,0.0,0.0
2002-01-10,0.11878093510747766,0.19004948437213898,0.11878093510747766,0.19004948437213898,400,0.0,0.0
2002-01-11,0.19004948437213898,0.19004948437213898,0.19004948437213898,0.19004948437213898,333,0.0,0.0
2002-01-14,0.19004948437213898,0.19004948437213898,0.19004948437213898,0.19004948437213898,0,0.0,0.0
2002-01-15,0.19004948437213898,0.19004948437213898,0.19004948437213898,0.19004948437213898,0,0.0,0.0
2002-01-16,0.19004948437213898,0.19004948437213898,0.19004948437213898,0.19004948437213898,0,0.0,0.0
2002-01-17,0.19004948437213898,0.19004948437213898,0.19004948437213898,0.19004948437213898,0,0.0,0.0
2002-01-18,0.19004948437213898,0.19004948437213898,0.19004948437213898,0.19004948437213898,0,0.0,0.0
2002-01-22,0.19004948437213898,0.19004948437213898,0.19004948437213898,0.19004948437213898,0,0.0,0.0
2002-01-23,0.19004948437213898,0.19004948437213898,0.19004948437213898,0.19004948437213898,0,0.0,0.0
2002-01-24,0.14253712212897318,0.19004948437213898,0.14253712212897318,0.19004948437213898,3667,0.0,0.0
2002-01-25,0.19004948437213898,0.19004948437213898,0.19004948437213898,0.19004948437213898,0,0.0,0.0
2002-01-28,0.19004948437213898,0.19004948437213898,0.19004948437213898,0.19004948437213898,0,0.0,0.0
2002-01-29,0.19004948437213898,0.19004948437213898,0.19004948437213898,0.19004948437213898,0,0.0,0.0
2002-01-30,0.14253713190555573,0.14253713190555573,0.14253713190555573,0.14253713190555573,133,0.0,0.0
2002-01-31,0.14253713190555573,0.14253713190555573,0.14253713190555573,0.14253713190555573,0,0.0,0.0
2002-02-01,0.14253713190555573,0.14253713190555573,0.14253713190555573,0.14253713190555573,0,0.0,0.0
2002-02-04,0.14253713190555573,0.14253713190555573,0.14253713190555573,0.14253713190555573,0,0.0,0.0
2002-02-05,0.14253713190555573,0.14253713190555573,0.14253713190555573,0.14253713190555573,0,0.0,0.0
2002-02-06,0.14253712892532347,0.14253712892532347,0.11878094077110289,0.1187809407711029,5367,0.0,0.0
2002-02-07,0.11878094077110289,0.11878094077110289,0.11878094077110289,0.1187809407711029,0,0.0,0.0
2002-02-08,0.11878094077110289,0.11878094077110289,0.11878094077110289,0.1187809407711029,0,0.0,0.0
2002-02-11,0.11878094077110289,0.11878094077110289,0.11878094077110289,0.1187809407711029,0,0.0,0.0
2002-02-12,0.11878094077110289,0.11878094077110289,0.11878094077110289,0.1187809407711029,0,0.0,0.0
2002-02-13,0.11878094077110289,0.11878094077110289,0.11878094077110289,0.1187809407711029,0,0.0,0.0
2002-02-14,0.11878094077110289,0.11878094077110289,0.11878094077110289,0.1187809407711029,0,0.0,0.0
2002-02-15,0.16629330813884735,0.16629330813884735,0.16629330813884735,0.16629330813884735,3000,0.0,0.0
2002-02-19,0.14253713190555573,0.14253713190555573,0.14253713190555573,0.14253713190555573,1600,0.0,0.0
2002-02-20,0.14253713190555573,0.14253713190555573,0.14253713190555573,0.14253713190555573,0,0.0,0.0
2002-02-21,0.14253713190555573,0.14253713190555573,0.14253713190555573,0.14253713190555573,0,0.0,0.0
2002-02-22,0.14253713190555573,0.14253713190555573,0.14253713190555573,0.14253713190555573,33,0.0,0.0
2002-02-25,0.14253713190555573,0.14253713190555573,0.14253713190555573,0.14253713190555573,0,0.0,0.0
2002-02-26,0.14253713190555573,0.14253713190555573,0.14253713190555573,0.14253713190555573,0,0.0,0.0
2002-02-27,0.14253713190555573,0.14253713190555573,0.14253713190555573,0.14253713190555573,1667,0.0,0.0
2002-02-28,0.11878094077110289,0.11878094077110289,0.11878094077110289,0.1187809407711029,333,0.0,0.0
2002-03-01,0.11878094077110289,0.11878094077110289,0.11878094077110289,0.1187809407711029,167,0.0,0.0
2002-03-04,0.11878094077110289,0.11878094077110289,0.11878094077110289,0.1187809407711029,0,0.0,0.0
2002-03-05,0.11878094077110289,0.11878094077110289,0.11878094077110289,0.1187809407711029,0,0.0,0.0
2002-03-06,0.11878094077110289,0.11878094077110289,0.11878094077110289,0.1187809407711029,0,0.0,0.0
2002-03-07,0.11878094077110289,0.11878094077110289,0.11878094077110289,0.1187809407711029,0,0.0,0.0
2002-03-08,0.11878094077110289,0.11878094077110289,0.11878094077110289,0.1187809407711029,0,0.0,0.0
2002-03-11,0.11878094077110289,0.11878094077110289,0.11878094077110289,0.1187809407711029,0,0.0,0.0
2002-03-12,0.11878094077110289,0.11878094077110289,0.11878094077110289,0.1187809407711029,100,0.0,0.0
2002-03-13,0.11878094077110289,0.11878094077110289,0.11878094077110289,0.1187809407711029,0,0.0,0.0
2002-03-14,0.11878094077110289,0.11878094077110289,0.11878094077110289,0.1187809407711029,0,0.0,0.0
2002-03-15,0.11878094077110289,0.11878094077110289,0.11878094077110289,0.1187809407711029,0,0.0,0.0
2002-03-18,0.11878094077110289,0.11878094077110289,0.11878094077110289,0.1187809407711029,0,0.0,0.0
2002-03-19,0.11878094077110289,0.11878094077110289,0.11878094077110289,0.1187809407711029,333,0.0,0.0
2002-03-20,0.11878094077110289,0.11878094077110289,0.11878094077110289,0.1187809407711029,0,0.0,0.0
2002-03-21,0.11878094077110289,0.11878094077110289,0.11878094077110289,0.1187809407711029,0,0.0,0.0
2002-03-22,0.11878094077110289,0.11878094077110289,0.11878094077110289,0.1187809407711029,0,0.0,0.0
2002-03-25,0.11878094077110289,0.11878094077110289,0.11878094077110289,0.1187809407711029,1200,0.0,0.0
2002-03-26,0.11878094077110289,0.11878094077110289,0.11878094077110289,0.1187809407711029,33,0.0,0.0
2002-03-27,0.11878094077110289,0.11878094077110289,0.11878094077110289,0.1187809407711029,0,0.0,0.0
2002-03-28,0.11878094077110289,0.11878094077110289,0.11878094077110289,0.1187809407711029,0,0.0,0.0
2002-04-01,0.11878094077110289,0.11878094077110289,0.11878094077110289,0.1187809407711029,0,0.0,0.0
2002-04-02,0.11878094077110289,0.11878094077110289,0.11878094077110289,0.1187809407711029,0,0.0,0.0
2002-04-03,0.11878094077110289,0.11878094077110289,0.11878094077110289,0.1187809407711029,67,0.0,0.0
2002-04-04,0.11878094077110289,0.11878094077110289,0.11878094077110289,0.1187809407711029,0,0.0,0.0
2002-04-05,0.11878094077110289,0.11878094077110289,0.11878094077110289,0.1187809407711029,0,0.0,0.0
2002-04-08,0.11878094077110289,0.11878094077110289,0.11878094077110289,0.1187809407711029,0,0.0,0.0
2002-04-09,0.11878094077110289,0.11878094077110289,0.11878094077110289,0.1187809407711029,0,0.0,0.0
2002-04-10,0.11878094077110289,0.11878094077110289,0.11878094077110289,0.1187809407711029,167,0.0,0.0
2002-04-11,0.11878094077110289,0.11878094077110289,0.11878094077110289,0.1187809407711029,1333,0.0,0.0
2002-04-12,0.11878094077110289,0.11878094077110289,0.11878094077110289,0.1187809407711029,667,0.0,0.0
2002-04-15,0.11878094077110289,0.11878094077110289,0.11878094077110289,0.1187809407711029,0,0.0,0.0
2002-04-16,0.11878094077110289,0.11878094077110289,0.11878094077110289,0.1187809407711029,0,0.0,0.0
2002-04-17,0.11878094077110289,0.11878094077110289,0.11878094077110289,0.1187809407711029,0,0.0,0.0
2002-04-18,0.11878094077110289,0.11878094077110289,0.11878094077110289,0.1187809407711029,0,0.0,0.0
2002-04-19,0.11878094077110289,0.11878094077110289,0.11878094077110289,0.1187809407711029,0,0.0,0.0
2002-04-22,0.11878094077110289,0.11878094077110289,0.11878094077110289,0.1187809407711029,0,0.0,0.0
2002-04-23,0.11878094077110289,0.11878094077110289,0.11878094077110289,0.1187809407711029,767,0.0,0.0
2002-04-24,0.11878094077110289,0.11878094077110289,0.11878094077110289,0.1187809407711029,0,0.0,0.0
2002-04-25,0.11878094077110289,0.11878094077110289,0.11878094077110289,0.1187809407711029,0,0.0,0.0
2002-04-26,0.11878094077110289,0.11878094077110289,0.11878094077110289,0.1187809407711029,0,0.0,0.0
2002-04-29,0.11878094077110289,0.11878094077110289,0.11878094077110289,0.1187809407711029,0,0.0,0.0
2002-04-30,0.11878094077110289,0.11878094077110289,0.11878094077110289,0.1187809407711029,33,0.0,0.0
2002-05-01,0.11878094077110289,0.11878094077110289,0.11878094077110289,0.1187809407711029,0,0.0,0.0
2002-05-02,0.11878094077110289,0.11878094077110289,0.11878094077110289,0.1187809407711029,0,0.0,0.0
2002-05-03,0.11878094077110289,0.11878094077110289,0.11878094077110289,0.1187809407711029,200,0.0,0.0
2002-05-06,0.11878094077110289,0.11878094077110289,0.11878094077110289,0.1187809407711029,0,0.0,0.0
2002-05-07,0.11878094077110289,0.11878094077110289,0.11878094077110289,0.1187809407711029,0,0.0,0.0
2002-05-08,0.14253713190555573,0.14253713190555573,0.14253713190555573,0.14253713190555573,3333,0.0,0.0
2002-05-09,0.14253713190555573,0.14253713190555573,0.14253713190555573,0.14253713190555573,0,0.0,0.0
2002-05-10,0.14253713190555573,0.14253713190555573,0.14253713190555573,0.14253713190555573,0,0.0,0.0
2002-05-13,0.14253713190555573,0.14253713190555573,0.14253713190555573,0.14253713190555573,0,0.0,0.0
2002-05-14,0.14253713190555573,0.14253713190555573,0.14253713190555573,0.14253713190555573,0,0.0,0.0
2002-05-15,0.11878094325462978,0.11878094325462978,0.07126856595277786,0.07126856595277786,10667,0.0,0.0
2002-05-16,0.07126856595277786,0.07126856595277786,0.07126856595277786,0.07126856595277786,0,0.0,0.0
2002-05-17,0.07126856595277786,0.07126856595277786,0.07126856595277786,0.07126856595277786,0,0.0,0.0
2002-05-20,0.07126856595277786,0.07126856595277786,0.07126856595277786,0.07126856595277786,0,0.0,0.0
2002-05-21,0.07126856595277786,0.07126856595277786,0.07126856595277786,0.07126856595277786,33,0.0,0.0
2002-05-22,0.07126856595277786,0.07126856595277786,0.07126856595277786,0.07126856595277786,0,0.0,0.0
2002-05-23,0.07126856595277786,0.07126856595277786,0.07126856595277786,0.07126856595277786,33,0.0,0.0
2002-05-24,0.07126856595277786,0.07126856595277786,0.07126856595277786,0.07126856595277786,1000,0.0,0.0
2002-05-28,0.07126856595277786,0.07126856595277786,0.07126856595277786,0.07126856595277786,0,0.0,0.0
2002-05-29,0.11878094077110289,0.11878094077110289,0.11878094077110289,0.1187809407711029,1667,0.0,0.0
2002-05-30,0.11878094077110289,0.11878094077110289,0.11878094077110289,0.1187809407711029,0,0.0,0.0
2002-05-31,0.11878094077110289,0.11878094077110289,0.11878094077110289,0.1187809407711029,0,0.0,0.0
2002-06-03,0.11878094077110289,0.11878094077110289,0.11878094077110289,0.1187809407711029,0,0.0,0.0
2002-06-04,0.11878094077110289,0.11878094077110289,0.11878094077110289,0.1187809407711029,0,0.0,0.0
2002-06-05,0.11878094077110289,0.11878094077110289,0.11878094077110289,0.1187809407711029,0,0.0,0.0
2002-06-06,0.11878094077110289,0.11878094077110289,0.11878094077110289,0.1187809407711029,0,0.0,0.0
2002-06-07,0.11878094077110289,0.11878094077110289,0.11878094077110289,0.1187809407711029,0,0.0,0.0
2002-06-10,0.11878094077110289,0.11878094077110289,0.11878094077110289,0.1187809407711029,0,0.0,0.0
2002-06-11,0.11878094325462978,0.11878094325462978,0.07126856595277786,0.07126856595277786,5433,0.0,0.0
2002-06-12,0.07126856595277786,0.07126856595277786,0.07126856595277786,0.07126856595277786,0,0.0,0.0
2002-06-13,0.07126856595277786,0.07126856595277786,0.07126856595277786,0.07126856595277786,0,0.0,0.0
2002-06-14,0.07126856595277786,0.07126856595277786,0.07126856595277786,0.07126856595277786,67,0.0,0.0
2002-06-17,0.07126856595277786,0.07126856595277786,0.07126856595277786,0.07126856595277786,0,0.0,0.0
2002-06-18,0.07126856595277786,0.07126856595277786,0.07126856595277786,0.07126856595277786,0,0.0,0.0
2002-06-19,0.07126856595277786,0.07126856595277786,0.07126856595277786,0.07126856595277786,0,0.0,0.0
2002-06-20,0.07126856595277786,0.07126856595277786,0.07126856595277786,0.07126856595277786,0,0.0,0.0
2002-06-21,0.07126856595277786,0.07126856595277786,0.07126856595277786,0.07126856595277786,0,0.0,0.0
2002-06-24,0.07126856595277786,0.07126856595277786,0.07126856595277786,0.07126856595277786,0,0.0,0.0
2002-06-25,0.07126856595277786,0.07126856595277786,0.07126856595277786,0.07126856595277786,0,0.0,0.0
2002-06-26,0.07126856595277786,0.07126856595277786,0.07126856595277786,0.07126856595277786,0,0.0,0.0
2002-06-27,0.07126856595277786,0.07126856595277786,0.07126856595277786,0.07126856595277786,0,0.0,0.0
2002-06-28,0.07126856595277786,0.07126856595277786,0.07126856595277786,0.07126856595277786,0,0.0,0.0
2002-07-01,0.07126856595277786,0.07126856595277786,0.07126856595277786,0.07126856595277786,0,0.0,0.0
2002-07-02,0.07126856595277786,0.07126856595277786,0.07126856595277786,0.07126856595277786,133,0.0,0.0
2002-07-03,0.07126856595277786,0.07126856595277786,0.07126856595277786,0.07126856595277786,0,0.0,0.0
2002-07-05,0.07126856595277786,0.07126856595277786,0.07126856595277786,0.07126856595277786,33,0.0,0.0
2002-07-08,0.07126856595277786,0.07126856595277786,0.07126856595277786,0.07126856595277786,0,0.0,0.0
2002-07-09,0.07126856595277786,0.07126856595277786,0.07126856595277786,0.07126856595277786,333,0.0,0.0
2002-07-10,0.07126856595277786,0.07126856595277786,0.07126856595277786,0.07126856595277786,167,0.0,0.0
2002-07-11,0.07126856595277786,0.07126856595277786,0.07126856595277786,0.07126856595277786,100,0.0,0.0
2002-07-12,0.07126856595277786,0.07126856595277786,0.07126856595277786,0.07126856595277786,0,0.0,0.0
2002-07-15,0.07126856595277786,0.07126856595277786,0.07126856595277786,0.07126856595277786,133,0.0,0.0
2002-07-16,0.07126856595277786,0.07126856595277786,0.07126856595277786,0.07126856595277786,0,0.0,0.0
2002-07-17,0.07126856595277786,0.07126856595277786,0.07126856595277786,0.07126856595277786,0,0.0,0.0
2002-07-18,0.07126856595277786,0.07126856595277786,0.07126856595277786,0.07126856595277786,0,0.0,0.0
2002-07-19,0.07126856595277786,0.07126856595277786,0.07126856595277786,0.07126856595277786,0,0.0,0.0
2002-07-22,0.07126856595277786,0.07126856595277786,0.07126856595277786,0.07126856595277786,0,0.0,0.0
2002-07-23,0.07126856595277786,0.07126856595277786,0.07126856595277786,0.07126856595277786,0,0.0,0.0
2002-07-24,0.07126856595277786,0.07126856595277786,0.07126856595277786,0.07126856595277786,333,0.0,0.0
2002-07-25,0.07126856595277786,0.07126856595277786,0.07126856595277786,0.07126856595277786,0,0.0,0.0
2002-07-26,0.07126856595277786,0.07126856595277786,0.07126856595277786,0.07126856595277786,333,0.0,0.0
2002-07-29,0.07126856595277786,0.07126856595277786,0.07126856595277786,0.07126856595277786,333,0.0,0.0
2002-07-30,0.07126856595277786,0.07126856595277786,0.07126856595277786,0.07126856595277786,0,0.0,0.0
2002-07-31,0.07126856595277786,0.07126856595277786,0.07126856595277786,0.07126856595277786,0,0.0,0.0
2002-08-01,0.07126856595277786,0.07126856595277786,0.07126856595277786,0.07126856595277786,0,0.0,0.0
2002-08-02,0.07126856595277786,0.07126856595277786,0.07126856595277786,0.07126856595277786,0,0.0,0.0
2002-08-05,0.07126856595277786,0.07126856595277786,0.07126856595277786,0.07126856595277786,0,0.0,0.0
2002-08-06,0.07126856595277786,0.07126856595277786,0.07126856595277786,0.07126856595277786,0,0.0,0.0
2002-08-07,0.07126856595277786,0.07126856595277786,0.07126856595277786,0.07126856595277786,33,0.0,0.0
2002-08-08,0.07126856595277786,0.07126856595277786,0.07126856595277786,0.07126856595277786,267,0.0,0.0
2002-08-09,0.11878094077110289,0.11878094077110289,0.11878094077110289,0.1187809407711029,33,0.0,0.0
2002-08-12,0.11878094077110289,0.11878094077110289,0.11878094077110289,0.1187809407711029,0,0.0,0.0
2002-08-13,0.11878094077110289,0.11878094077110289,0.11878094077110289,0.1187809407711029,0,0.0,0.0
2002-08-14,0.07126856595277786,0.07126856595277786,0.07126856595277786,0.07126856595277786,1000,0.0,0.0
2002-08-15,0.07126856595277786,0.07126856595277786,0.07126856595277786,0.07126856595277786,0,0.0,0.0
2002-08-16,0.07126856595277786,0.07126856595277786,0.07126856595277786,0.07126856595277786,0,0.0,0.0
2002-08-19,0.07126856595277786,0.07126856595277786,0.07126856595277786,0.07126856595277786,0,0.0,0.0
2002-08-20,0.07126856595277786,0.07126856595277786,0.07126856595277786,0.07126856595277786,67,0.0,0.0
2002-08-21,0.07126856595277786,0.07126856595277786,0.07126856595277786,0.07126856595277786,0,0.0,0.0
2002-08-22,0.07126856595277786,0.07126856595277786,0.07126856595277786,0.07126856595277786,0,0.0,0.0
2002-08-23,0.07126856595277786,0.07126856595277786,0.07126856595277786,0.07126856595277786,0,0.0,0.0
2002-08-26,0.07126856595277786,0.07126856595277786,0.07126856595277786,0.07126856595277786,100,0.0,0.0
2002-08-27,0.07126856595277786,0.07126856595277786,0.07126856595277786,0.07126856595277786,33,0.0,0.0
2002-08-28,0.07126856595277786,0.07126856595277786,0.07126856595277786,0.07126856595277786,100,0.0,0.0
2002-08-29,0.07126856595277786,0.07126856595277786,0.07126856595277786,0.07126856595277786,0,0.0,0.0
2002-08-30,0.07126856595277786,0.07126856595277786,0.07126856595277786,0.07126856595277786,0,0.0,0.0
2002-09-03,0.07126856595277786,0.07126856595277786,0.07126856595277786,0.07126856595277786,67,0.0,0.0
2002-09-04,0.07126856595277786,0.07126856595277786,0.07126856595277786,0.07126856595277786,0,0.0,0.0
2002-09-05,0.07126856595277786,0.07126856595277786,0.07126856595277786,0.07126856595277786,0,0.0,0.0
2002-09-06,0.07126856595277786,0.07126856595277786,0.07126856595277786,0.07126856595277786,0,0.0,0.0
2002-09-09,0.07126856595277786,0.07126856595277786,0.07126856595277786,0.07126856595277786,33,0.0,0.0
2002-09-10,0.07126856595277786,0.07126856595277786,0.07126856595277786,0.07126856595277786,0,0.0,0.0
2002-09-11,0.07126856595277786,0.07126856595277786,0.07126856595277786,0.07126856595277786,0,0.0,0.0
2002-09-12,0.07126856595277786,0.07126856595277786,0.07126856595277786,0.07126856595277786,0,0.0,0.0
2002-09-13,0.07126856595277786,0.07126856595277786,0.07126856595277786,0.07126856595277786,0,0.0,0.0
2002-09-16,0.07126856595277786,0.07126856595277786,0.07126856595277786,0.07126856595277786,233,0.0,0.0
2002-09-17,0.07126856595277786,0.07126856595277786,0.07126856595277786,0.07126856595277786,33,0.0,0.0
2002-09-18,0.07126856595277786,0.07126856595277786,0.07126856595277786,0.07126856595277786,0,0.0,0.0
2002-09-19,0.07126856595277786,0.07126856595277786,0.07126856595277786,0.07126856595277786,0,0.0,0.0
2002-09-20,0.07126856595277786,0.07126856595277786,0.07126856595277786,0.07126856595277786,0,0.0,0.0
2002-09-23,0.07126856595277786,0.07126856595277786,0.07126856595277786,0.07126856595277786,33,0.0,0.0
2002-09-24,0.07126856595277786,0.07126856595277786,0.07126856595277786,0.07126856595277786,0,0.0,0.0
2002-09-25,0.07126856595277786,0.07126856595277786,0.07126856595277786,0.07126856595277786,0,0.0,0.0
2002-09-26,0.07126856595277786,0.07126856595277786,0.07126856595277786,0.07126856595277786,0,0.0,0.0
2002-09-27,0.07126856595277786,0.07126856595277786,0.07126856595277786,0.07126856595277786,0,0.0,0.0
2002-09-30,0.07126856595277786,0.07126856595277786,0.07126856595277786,0.07126856595277786,0,0.0,0.0
2002-10-01,0.07126856595277786,0.07126856595277786,0.07126856595277786,0.07126856595277786,0,0.0,0.0
2002-10-02,0.07126856595277786,0.07126856595277786,0.07126856595277786,0.07126856595277786,0,0.0,0.0
2002-10-03,0.07126856595277786,0.07126856595277786,0.07126856595277786,0.07126856595277786,0,0.0,0.0
2002-10-04,0.07126856595277786,0.07126856595277786,0.07126856595277786,0.07126856595277786,0,0.0,0.0
2002-10-07,0.07126856595277786,0.07126856595277786,0.07126856595277786,0.07126856595277786,0,0.0,0.0
2002-10-08,0.07126856595277786,0.07126856595277786,0.07126856595277786,0.07126856595277786,0,0.0,0.0
2002-10-09,0.07126856595277786,0.07126856595277786,0.07126856595277786,0.07126856595277786,0,0.0,0.0
2002-10-10,0.047512371093034744,0.047512371093034744,0.047512371093034744,0.047512371093034744,12433,0.0,0.0
2002-10-11,0.047512371093034744,0.047512371093034744,0.047512371093034744,0.047512371093034744,0,0.0,0.0
2002-10-14,0.047512371093034744,0.047512371093034744,0.047512371093034744,0.047512371093034744,200,0.0,0.0
2002-10-15,0.047512371093034744,0.047512371093034744,0.047512371093034744,0.047512371093034744,0,0.0,0.0
2002-10-16,0.047512371093034744,0.047512371093034744,0.047512371093034744,0.047512371093034744,0,0.0,0.0
2002-10-17,0.047512371093034744,0.047512371093034744,0.047512371093034744,0.047512371093034744,0,0.0,0.0
2002-10-18,0.047512371093034744,0.047512371093034744,0.047512371093034744,0.047512371093034744,0,0.0,0.0
2002-10-21,0.047512371093034744,0.047512371093034744,0.047512371093034744,0.047512371093034744,0,0.0,0.0
2002-10-22,0.047512371093034744,0.047512371093034744,0.047512371093034744,0.047512371093034744,0,0.0,0.0
2002-10-23,0.047512371093034744,0.047512371093034744,0.047512371093034744,0.047512371093034744,0,0.0,0.0
2002-10-24,0.047512371093034744,0.047512371093034744,0.047512371093034744,0.047512371093034744,0,0.0,0.0
2002-10-25,0.047512371093034744,0.047512371093034744,0.047512371093034744,0.047512371093034744,33,0.0,0.0
2002-10-28,0.047512371093034744,0.047512371093034744,0.047512371093034744,0.047512371093034744,33,0.0,0.0
2002-10-29,0.047512371093034744,0.047512371093034744,0.047512371093034744,0.047512371093034744,0,0.0,0.0
2002-10-30,0.047512371093034744,0.047512371093034744,0.047512371093034744,0.047512371093034744,900,0.0,0.0
2002-10-31,0.047512371093034744,0.047512371093034744,0.047512371093034744,0.047512371093034744,67,0.0,0.0
2002-11-01,0.047512371093034744,0.047512371093034744,0.047512371093034744,0.047512371093034744,0,0.0,0.0
2002-11-04,0.047512371093034744,0.047512371093034744,0.047512371093034744,0.047512371093034744,0,0.0,0.0
2002-11-05,0.047512371093034744,0.047512371093034744,0.047512371093034744,0.047512371093034744,167,0.0,0.0
2002-11-06,0.047512371093034744,0.047512371093034744,0.047512371093034744,0.047512371093034744,0,0.0,0.0
2002-11-07,0.047512371093034744,0.047512371093034744,0.047512371093034744,0.047512371093034744,0,0.0,0.0
2002-11-08,0.047512371093034744,0.047512371093034744,0.047512371093034744,0.047512371093034744,0,0.0,0.0
2002-11-11,0.047512371093034744,0.047512371093034744,0.047512371093034744,0.047512371093034744,0,0.0,0.0
2002-11-12,0.047512371093034744,0.047512371093034744,0.047512371093034744,0.047512371093034744,500,0.0,0.0
2002-11-13,0.047512371093034744,0.047512371093034744,0.047512371093034744,0.047512371093034744,0,0.0,0.0
2002-11-14,0.047512371093034744,0.047512371093034744,0.047512371093034744,0.047512371093034744,0,0.0,0.0
2002-11-15,0.047512371093034744,0.047512371093034744,0.047512371093034744,0.047512371093034744,200,0.0,0.0
2002-11-18,0.047512371093034744,0.047512371093034744,0.047512371093034744,0.047512371093034744,33,0.0,0.0
2002-11-19,0.047512371093034744,0.047512371093034744,0.047512371093034744,0.047512371093034744,0,0.0,0.0
2002-11-20,0.047512371093034744,0.047512371093034744,0.047512371093034744,0.047512371093034744,0,0.0,0.0
2002-11-21,0.047512371093034744,0.047512371093034744,0.047512371093034744,0.047512371093034744,0,0.0,0.0
2002-11-22,0.047512371093034744,0.047512371093034744,0.047512371093034744,0.047512371093034744,333,0.0,0.0
2002-11-25,0.047512371093034744,0.047512371093034744,0.047512371093034744,0.047512371093034744,0,0.0,0.0
2002-11-26,0.047512371093034744,0.047512371093034744,0.047512371093034744,0.047512371093034744,0,0.0,0.0
2002-11-27,0.047512371093034744,0.047512371093034744,0.047512371093034744,0.047512371093034744,0,0.0,0.0
2002-11-29,0.047512371093034744,0.047512371093034744,0.047512371093034744,0.047512371093034744,0,0.0,0.0
2002-12-02,0.047512371093034744,0.047512371093034744,0.047512371093034744,0.047512371093034744,0,0.0,0.0
2002-12-03,0.047512371093034744,0.047512371093034744,0.047512371093034744,0.047512371093034744,0,0.0,0.0
2002-12-04,0.047512371093034744,0.047512371093034744,0.047512371093034744,0.047512371093034744,1233,0.0,0.0
2002-12-05,0.047512371093034744,0.047512371093034744,0.047512371093034744,0.047512371093034744,3467,0.0,0.0
2002-12-06,0.047512371093034744,0.047512371093034744,0.047512371093034744,0.047512371093034744,67,0.0,0.0
2002-12-09,0.047512371093034744,0.047512371093034744,0.047512371093034744,0.047512371093034744,0,0.0,0.0
2002-12-10,0.047512371093034744,0.047512371093034744,0.047512371093034744,0.047512371093034744,0,0.0,0.0
2002-12-11,0.047512371093034744,0.047512371093034744,0.047512371093034744,0.047512371093034744,0,0.0,0.0
2002-12-12,0.047512371093034744,0.047512371093034744,0.047512371093034744,0.047512371093034744,867,0.0,0.0
2002-12-13,0.047512371093034744,0.047512371093034744,0.047512371093034744,0.047512371093034744,0,0.0,0.0
2002-12-16,0.07126856106448659,0.07126856106448659,0.047512371093034744,0.047512371093034744,29500,0.0,0.0
2002-12-17,0.047512371093034744,0.047512371093034744,0.047512371093034744,0.047512371093034744,4200,0.0,0.0
2002-12-18,0.047512371093034744,0.047512371093034744,0.047512371093034744,0.047512371093034744,0,0.0,0.0
2002-12-19,0.047512371093034744,0.047512371093034744,0.023756185546517372,0.023756185546517372,9867,0.0,0.0
2002-12-20,0.023756185546517372,0.023756185546517372,0.023756185546517372,0.023756185546517372,300,0.0,0.0
2002-12-23,0.023756185546517372,0.047512371093034744,0.023756185546517372,0.047512371093034744,4567,0.0,0.0
2002-12-24,0.047512371093034744,0.047512371093034744,0.047512371093034744,0.047512371093034744,0,0.0,0.0
2002-12-26,0.023756185546517372,0.023756185546517372,0.023756185546517372,0.023756185546517372,67,0.0,0.0
2002-12-27,0.023756185546517372,0.023756185546517372,0.023756185546517372,0.023756185546517372,67,0.0,0.0
2002-12-30,0.023756185546517372,0.023756185546517372,0.023756185546517372,0.023756185546517372,1600,0.0,0.0
2002-12-31,0.023756185546517372,0.047512371093034744,0.023756185546517372,0.023756185546517372,3100,0.0,0.0
2003-01-02,0.023756185546517372,0.023756185546517372,0.023756185546517372,0.023756185546517372,0,0.0,0.0
2003-01-03,0.023756185546517372,0.023756185546517372,0.023756185546517372,0.023756185546517372,0,0.0,0.0
2003-01-06,0.023756185546517372,0.023756185546517372,0.023756185546517372,0.023756185546517372,0,0.0,0.0
2003-01-07,0.023756185546517372,0.023756185546517372,0.023756185546517372,0.023756185546517372,0,0.0,0.0
2003-01-08,0.023756185546517372,0.023756185546517372,0.023756185546517372,0.023756185546517372,0,0.0,0.0
2003-01-09,0.023756185546517372,0.023756185546517372,0.023756185546517372,0.023756185546517372,0,0.0,0.0
2003-01-10,0.023756187175947695,0.07126856595277786,0.023756187175947695,0.07126856595277786,31667,0.0,0.0
2003-01-13,0.07126856595277786,0.07126856595277786,0.07126856595277786,0.07126856595277786,0,0.0,0.0
2003-01-14,0.07126856595277786,0.07126856595277786,0.07126856595277786,0.07126856595277786,0,0.0,0.0
2003-01-15,0.07126856595277786,0.07126856595277786,0.07126856595277786,0.07126856595277786,0,0.0,0.0
2003-01-16,0.047512371093034744,0.047512371093034744,0.047512371093034744,0.047512371093034744,33,0.0,0.0
2003-01-17,0.047512371093034744,0.047512371093034744,0.047512371093034744,0.047512371093034744,167,0.0,0.0
2003-01-21,0.047512371093034744,0.047512371093034744,0.047512371093034744,0.047512371093034744,0,0.0,0.0
2003-01-22,0.047512371093034744,0.047512371093034744,0.047512371093034744,0.047512371093034744,0,0.0,0.0
2003-01-23,0.047512371093034744,0.047512371093034744,0.047512371093034744,0.047512371093034744,0,0.0,0.0
2003-01-24,0.047512371093034744,0.047512371093034744,0.047512371093034744,0.047512371093034744,0,0.0,0.0
2003-01-27,0.047512371093034744,0.047512371093034744,0.047512371093034744,0.047512371093034744,0,0.0,0.0
2003-01-28,0.047512371093034744,0.047512371093034744,0.047512371093034744,0.047512371093034744,0,0.0,0.0
2003-01-29,0.047512371093034744,0.047512371093034744,0.047512371093034744,0.047512371093034744,0,0.0,0.0
2003-01-30,0.047512371093034744,0.047512371093034744,0.047512371093034744,0.047512371093034744,500,0.0,0.0
2003-01-31,0.047512371093034744,0.047512371093034744,0.047512371093034744,0.047512371093034744,0,0.0,0.0
2003-02-03,0.047512371093034744,0.047512371093034744,0.047512371093034744,0.047512371093034744,0,0.0,0.0
2003-02-04,0.047512371093034744,0.047512371093034744,0.047512371093034744,0.047512371093034744,0,0.0,0.0
2003-02-05,0.047512371093034744,0.047512371093034744,0.047512371093034744,0.047512371093034744,333,0.0,0.0
2003-02-06,0.047512371093034744,0.047512371093034744,0.047512371093034744,0.047512371093034744,0,0.0,0.0
2003-02-07,0.047512371093034744,0.047512371093034744,0.047512371093034744,0.047512371093034744,0,0.0,0.0
2003-02-10,0.047512371093034744,0.047512371093034744,0.047512371093034744,0.047512371093034744,0,0.0,0.0
2003-02-11,0.047512371093034744,0.047512371093034744,0.047512371093034744,0.047512371093034744,0,0.0,0.0
2003-02-12,0.047512371093034744,0.047512371093034744,0.047512371093034744,0.047512371093034744,0,0.0,0.0
2003-02-13,0.047512371093034744,0.047512371093034744,0.047512371093034744,0.047512371093034744,0,0.0,0.0
2003-02-14,0.047512371093034744,0.047512371093034744,0.047512371093034744,0.047512371093034744,0,0.0,0.0
2003-02-18,0.047512371093034744,0.047512371093034744,0.047512371093034744,0.047512371093034744,0,0.0,0.0
2003-02-19,0.047512371093034744,0.047512371093034744,0.047512371093034744,0.047512371093034744,0,0.0,0.0
2003-02-20,0.047512371093034744,0.047512371093034744,0.047512371093034744,0.047512371093034744,33,0.0,0.0
2003-02-21,0.047512371093034744,0.047512371093034744,0.047512371093034744,0.047512371093034744,0,0.0,0.0
2003-02-24,0.047512371093034744,0.047512371093034744,0.047512371093034744,0.047512371093034744,0,0.0,0.0
2003-02-25,0.047512371093034744,0.047512371093034744,0.047512371093034744,0.047512371093034744,0,0.0,0.0
2003-02-26,0.047512371093034744,0.047512371093034744,0.047512371093034744,0.047512371093034744,0,0.0,0.0
2003-02-27,0.047512371093034744,0.047512371093034744,0.047512371093034744,0.047512371093034744,0,0.0,0.0
2003-02-28,0.047512371093034744,0.047512371093034744,0.047512371093034744,0.047512371093034744,0,0.0,0.0
2003-03-03,0.047512371093034744,0.047512371093034744,0.047512371093034744,0.047512371093034744,67,0.0,0.0
2003-03-04,0.047512371093034744,0.047512371093034744,0.047512371093034744,0.047512371093034744,0,0.0,0.0
2003-03-05,0.047512371093034744,0.047512371093034744,0.047512371093034744,0.047512371093034744,0,0.0,0.0
2003-03-06,0.047512371093034744,0.047512371093034744,0.047512371093034744,0.047512371093034744,0,0.0,0.0
2003-03-07,0.047512371093034744,0.047512371093034744,0.047512371093034744,0.047512371093034744,0,0.0,0.0
2003-03-10,0.047512371093034744,0.047512371093034744,0.047512371093034744,0.047512371093034744,67,0.0,0.0
2003-03-11,0.047512371093034744,0.047512371093034744,0.047512371093034744,0.047512371093034744,0,0.0,0.0
2003-03-12,0.047512371093034744,0.047512371093034744,0.047512371093034744,0.047512371093034744,0,0.0,0.0
2003-03-13,0.047512371093034744,0.047512371093034744,0.047512371093034744,0.047512371093034744,0,0.0,0.0
2003-03-14,0.047512371093034744,0.047512371093034744,0.047512371093034744,0.047512371093034744,0,0.0,0.0
2003-03-17,0.047512371093034744,0.047512371093034744,0.047512371093034744,0.047512371093034744,0,0.0,0.0
2003-03-18,0.047512371093034744,0.047512371093034744,0.047512371093034744,0.047512371093034744,0,0.0,0.0
2003-03-19,0.07126856595277786,0.07126856595277786,0.07126856595277786,0.07126856595277786,10000,0.0,0.0
2003-03-20,0.07126856595277786,0.07126856595277786,0.07126856595277786,0.07126856595277786,0,0.0,0.0
2003-03-21,0.07126856595277786,0.07126856595277786,0.07126856595277786,0.07126856595277786,0,0.0,0.0
2003-03-24,0.07126856595277786,0.07126856595277786,0.07126856595277786,0.07126856595277786,0,0.0,0.0
2003-03-25,0.07126856595277786,0.07126856595277786,0.07126856595277786,0.07126856595277786,0,0.0,0.0
2003-03-26,0.07126856595277786,0.07126856595277786,0.07126856595277786,0.07126856595277786,0,0.0,0.0
2003-03-27,0.07126856595277786,0.07126856595277786,0.07126856595277786,0.07126856595277786,67,0.0,0.0
2003-03-28,0.07126856595277786,0.07126856595277786,0.07126856595277786,0.07126856595277786,0,0.0,0.0
2003-03-31,0.07126856595277786,0.07126856595277786,0.07126856595277786,0.07126856595277786,0,0.0,0.0
2003-04-01,0.07126856595277786,0.07126856595277786,0.07126856595277786,0.07126856595277786,0,0.0,0.0
2003-04-02,0.07126856595277786,0.07126856595277786,0.07126856595277786,0.07126856595277786,0,0.0,0.0
2003-04-03,0.07126856595277786,0.07126856595277786,0.07126856595277786,0.07126856595277786,167,0.0,0.0
2003-04-04,0.07126856595277786,0.07126856595277786,0.07126856595277786,0.07126856595277786,167,0.0,0.0
2003-04-07,0.07126856595277786,0.07126856595277786,0.07126856595277786,0.07126856595277786,633,0.0,0.0
2003-04-08,0.07126856595277786,0.07126856595277786,0.07126856595277786,0.07126856595277786,0,0.0,0.0
2003-04-09,0.07126856595277786,0.07126856595277786,0.07126856595277786,0.07126856595277786,0,0.0,0.0
2003-04-10,0.047512371093034744,0.047512371093034744,0.047512371093034744,0.047512371093034744,1100,0.0,0.0
2003-04-11,0.047512371093034744,0.047512371093034744,0.047512371093034744,0.047512371093034744,0,0.0,0.0
2003-04-14,0.047512371093034744,0.047512371093034744,0.047512371093034744,0.047512371093034744,33,0.0,0.0
2003-04-15,0.047512371093034744,0.047512371093034744,0.047512371093034744,0.047512371093034744,0,0.0,0.0
2003-04-16,0.047512371093034744,0.047512371093034744,0.047512371093034744,0.047512371093034744,0,0.0,0.0
2003-04-17,0.047512371093034744,0.047512371093034744,0.047512371093034744,0.047512371093034744,0,0.0,0.0
2003-04-21,0.07126856595277786,0.07126856595277786,0.07126856595277786,0.07126856595277786,1667,0.0,0.0
2003-04-22,0.04751237435189539,0.07126856595277786,0.04751237435189539,0.07126856595277786,467,0.0,0.0
2003-04-23,0.07126856595277786,0.07126856595277786,0.07126856595277786,0.07126856595277786,0,0.0,0.0
2003-04-24,0.07126856595277786,0.07126856595277786,0.07126856595277786,0.07126856595277786,0,0.0,0.0
2003-04-25,0.07126856595277786,0.07126856595277786,0.07126856595277786,0.07126856595277786,0,0.0,0.0
2003-04-28,0.047512371093034744,0.047512371093034744,0.047512371093034744,0.047512371093034744,33,0.0,0.0
2003-04-29,0.047512371093034744,0.047512371093034744,0.047512371093034744,0.047512371093034744,0,0.0,0.0
2003-04-30,0.09502474870379078,0.19004949740758156,0.09502474870379078,0.14253713190555573,10700,0.0,0.0
2003-05-01,0.19004949740758156,0.19004949740758156,0.14253713190555573,0.14253713190555573,2133,0.0,0.0
2003-05-02,0.14253713190555573,0.14253713190555573,0.14253713190555573,0.14253713190555573,0,0.0,0.0
2003-05-05,0.07126856595277786,0.19004949740758156,0.07126856595277786,0.14253713190555573,833,0.0,0.0
2003-05-06,0.14253713190555573,0.14253713190555573,0.14253713190555573,0.14253713190555573,0,0.0,0.0
2003-05-07,0.14253713190555573,0.14253713190555573,0.14253713190555573,0.14253713190555573,0,0.0,0.0
2003-05-08,0.07126856595277786,0.07126856595277786,0.07126856595277786,0.07126856595277786,333,0.0,0.0
2003-05-09,0.07126856595277786,0.07126856595277786,0.07126856595277786,0.07126856595277786,0,0.0,0.0
2003-05-12,0.07126856595277786,0.07126856595277786,0.07126856595277786,0.07126856595277786,167,0.0,0.0
2003-05-13,0.07126856595277786,0.07126856595277786,0.07126856595277786,0.07126856595277786,0,0.0,0.0
2003-05-14,0.07126856595277786,0.07126856595277786,0.07126856595277786,0.07126856595277786,5600,0.0,0.0
2003-05-15,0.07126856595277786,0.07126856595277786,0.07126856595277786,0.07126856595277786,0,0.0,0.0
2003-05-16,0.07126856595277786,0.07126856595277786,0.07126856595277786,0.07126856595277786,0,0.0,0.0
2003-05-19,0.07126856595277786,0.07126856595277786,0.07126856595277786,0.07126856595277786,0,0.0,0.0
2003-05-20,0.07126856595277786,0.07126856595277786,0.07126856595277786,0.07126856595277786,0,0.0,0.0
2003-05-21,0.07126856595277786,0.07126856595277786,0.07126856595277786,0.07126856595277786,0,0.0,0.0
2003-05-22,0.07126856595277786,0.07126856595277786,0.07126856595277786,0.07126856595277786,0,0.0,0.0
2003-05-23,0.07126856595277786,0.07126856595277786,0.07126856595277786,0.07126856595277786,0,0.0,0.0
2003-05-27,0.07126856595277786,0.07126856595277786,0.07126856595277786,0.07126856595277786,0,0.0,0.0
2003-05-28,0.07126856595277786,0.07126856595277786,0.07126856595277786,0.07126856595277786,0,0.0,0.0
2003-05-29,0.07126856106448659,0.09502474218606949,0.07126856106448659,0.09502474218606949,5000,0.0,0.0
2003-05-30,0.09502474218606949,0.09502474218606949,0.09502474218606949,0.09502474218606949,0,0.0,0.0
2003-06-02,0.09502474218606949,0.09502474218606949,0.09502474218606949,0.09502474218606949,0,0.0,0.0
2003-06-03,0.09502474218606949,0.09502474218606949,0.09502474218606949,0.09502474218606949,0,0.0,0.0
2003-06-04,0.09502474218606949,0.09502474218606949,0.09502474218606949,0.09502474218606949,0,0.0,0.0
2003-06-05,0.09502474218606949,0.09502474218606949,0.09502474218606949,0.09502474218606949,0,0.0,0.0
2003-06-06,0.09502474218606949,0.09502474218606949,0.09502474218606949,0.09502474218606949,0,0.0,0.0
2003-06-09,0.07126856595277786,0.07126856595277786,0.07126856595277786,0.07126856595277786,200,0.0,0.0
2003-06-10,0.07126856595277786,0.07126856595277786,0.07126856595277786,0.07126856595277786,100,0.0,0.0
2003-06-11,0.07126856595277786,0.07126856595277786,0.07126856595277786,0.07126856595277786,0,0.0,0.0
2003-06-12,0.07126856595277786,0.07126856595277786,0.07126856595277786,0.07126856595277786,200,0.0,0.0
2003-06-13,0.07126856595277786,0.07126856595277786,0.07126856595277786,0.07126856595277786,400,0.0,0.0
2003-06-16,0.07126856595277786,0.07126856595277786,0.07126856595277786,0.07126856595277786,0,0.0,0.0
2003-06-17,0.07126856595277786,0.07126856595277786,0.07126856595277786,0.07126856595277786,167,0.0,0.0
2003-06-18,0.16629330813884735,0.16629330813884735,0.16629330813884735,0.16629330813884735,2667,0.0,0.0
2003-06-19,0.16629330813884735,0.16629330813884735,0.16629330813884735,0.16629330813884735,0,0.0,0.0
2003-06-20,0.16629330813884735,0.16629330813884735,0.16629330813884735,0.16629330813884735,3333,0.0,0.0
2003-06-23,0.16629330813884735,0.16629330813884735,0.16629330813884735,0.16629330813884735,0,0.0,0.0
2003-06-24,0.16629330813884735,0.16629330813884735,0.16629330813884735,0.16629330813884735,0,0.0,0.0
2003-06-25,0.16629330813884735,0.16629330813884735,0.16629330813884735,0.16629330813884735,0,0.0,0.0
2003-06-26,0.16629330813884735,0.16629330813884735,0.16629330813884735,0.16629330813884735,0,0.0,0.0
2003-06-27,0.07126856595277786,0.07126856595277786,0.07126856595277786,0.07126856595277786,400,0.0,0.0
2003-06-30,0.07126856595277786,0.07126856595277786,0.07126856595277786,0.07126856595277786,0,0.0,0.0
2003-07-01,0.07126856595277786,0.07126856595277786,0.07126856595277786,0.07126856595277786,0,0.0,0.0
2003-07-02,0.07126856595277786,0.07126856595277786,0.07126856595277786,0.07126856595277786,667,0.0,0.0
2003-07-03,0.07126856595277786,0.07126856595277786,0.07126856595277786,0.07126856595277786,0,0.0,0.0
2003-07-07,0.07126856595277786,0.07126856595277786,0.07126856595277786,0.07126856595277786,0,0.0,0.0
2003-07-08,0.07126856595277786,0.07126856595277786,0.07126856595277786,0.07126856595277786,233,0.0,0.0
2003-07-09,0.07126856595277786,0.07126856595277786,0.07126856595277786,0.07126856595277786,0,0.0,0.0
2003-07-10,0.07126856595277786,0.07126856595277786,0.07126856595277786,0.07126856595277786,0,0.0,0.0
2003-07-11,0.07126856595277786,0.07126856595277786,0.07126856595277786,0.07126856595277786,0,0.0,0.0
2003-07-14,0.07126856595277786,0.07126856595277786,0.07126856595277786,0.07126856595277786,0,0.0,0.0
2003-07-15,0.07126856595277786,0.07126856595277786,0.07126856595277786,0.07126856595277786,3333,0.0,0.0
2003-07-16,0.07126856595277786,0.07126856595277786,0.07126856595277786,0.07126856595277786,0,0.0,0.0
2003-07-17,0.07126856595277786,0.07126856595277786,0.07126856595277786,0.07126856595277786,0,0.0,0.0
2003-07-18,0.07126856595277786,0.07126856595277786,0.07126856595277786,0.07126856595277786,0,0.0,0.0
2003-07-21,0.09502474218606949,0.09502474218606949,0.09502474218606949,0.09502474218606949,1933,0.0,0.0
2003-07-22,0.09502474218606949,0.09502474218606949,0.09502474218606949,0.09502474218606949,0,0.0,0.0
2003-07-23,0.09502474218606949,0.09502474218606949,0.09502474218606949,0.09502474218606949,33,0.0,0.0
2003-07-24,0.09502474218606949,0.09502474218606949,0.09502474218606949,0.09502474218606949,0,0.0,0.0
2003-07-25,0.09502474218606949,0.09502474218606949,0.09502474218606949,0.09502474218606949,0,0.0,0.0
2003-07-28,0.09502474218606949,0.09502474218606949,0.09502474218606949,0.09502474218606949,0,0.0,0.0
2003-07-29,0.09502474218606949,0.09502474218606949,0.09502474218606949,0.09502474218606949,0,0.0,0.0
2003-07-30,0.11878094077110289,0.11878094077110289,0.11878094077110289,0.1187809407711029,1667,0.0,0.0
2003-07-31,0.11878094077110289,0.11878094077110289,0.11878094077110289,0.1187809407711029,0,0.0,0.0
2003-08-01,0.16629330813884735,0.19004949670151497,0.16629330813884735,0.16629330813884735,10167,0.0,0.0
2003-08-04,0.19004948437213898,0.19004948437213898,0.19004948437213898,0.19004948437213898,3333,0.0,0.0
2003-08-05,0.19004948437213898,0.19004948437213898,0.19004948437213898,0.19004948437213898,0,0.0,0.0
2003-08-06,0.19004948437213898,0.19004948437213898,0.19004948437213898,0.19004948437213898,0,0.0,0.0
2003-08-07,0.16629330813884735,0.16629330813884735,0.16629330813884735,0.16629330813884735,1667,0.0,0.0
2003-08-08,0.16629330813884735,0.16629330813884735,0.16629330813884735,0.16629330813884735,0,0.0,0.0
2003-08-11,0.11878094077110289,0.11878094077110289,0.11878094077110289,0.1187809407711029,100,0.0,0.0
2003-08-12,0.11878094077110289,0.11878094077110289,0.11878094077110289,0.1187809407711029,0,0.0,0.0
2003-08-13,0.19004948437213898,0.21380568319345977,0.19004948437213898,0.19004948437213898,6800,0.0,0.0
2003-08-14,0.14253713190555573,0.14253713190555573,0.14253713190555573,0.14253713190555573,667,0.0,0.0
2003-08-15,0.2138056978583336,0.2138056978583336,0.14253713190555573,0.14253713190555573,3667,0.0,0.0
2003-08-18,0.14253713190555573,0.14253713190555573,0.14253713190555573,0.14253713190555573,567,0.0,0.0
2003-08-19,0.14253713190555573,0.14253713190555573,0.14253713190555573,0.14253713190555573,33,0.0,0.0
2003-08-20,0.14253713190555573,0.14253713190555573,0.14253713190555573,0.14253713190555573,0,0.0,0.0
2003-08-21,0.14253713190555573,0.14253713190555573,0.14253713190555573,0.14253713190555573,0,0.0,0.0
2003-08-22,0.14253713190555573,0.14253713190555573,0.14253713190555573,0.14253713190555573,1333,0.0,0.0
2003-08-25,0.14253713190555573,0.14253713190555573,0.14253713190555573,0.14253713190555573,0,0.0,0.0
2003-08-26,0.14253713190555573,0.14253713190555573,0.14253713190555573,0.14253713190555573,1267,0.0,0.0
2003-08-27,0.19004948437213898,0.19004948437213898,0.19004948437213898,0.19004948437213898,333,0.0,0.0
2003-08-28,0.19004948437213898,0.19004948437213898,0.19004948437213898,0.19004948437213898,0,0.0,0.0
2003-08-29,0.19004949670151497,0.19004949670151497,0.16629330813884735,0.16629330813884735,6833,0.0,0.0
2003-09-02,0.21380568966638255,0.35634279251098633,0.21380568966638255,0.35634279251098633,12867,0.0,0.0
2003-09-03,0.35634279251098633,0.35634279251098633,0.35634279251098633,0.35634279251098633,200,0.0,0.0
2003-09-04,0.19004948437213898,0.19004948437213898,0.19004948437213898,0.19004948437213898,700,0.0,0.0
2003-09-05,0.35634279251098633,0.35634279251098633,0.35634279251098633,0.35634279251098633,900,0.0,0.0
2003-09-08,0.35634278172278244,0.35634278172278244,0.19004948437213898,0.19004948437213898,10467,0.0,0.0
2003-09-09,0.19004948437213898,0.19004948437213898,0.19004948437213898,0.19004948437213898,33,0.0,0.0
2003-09-10,0.2850742448459972,0.2850742448459972,0.16629329769367307,0.26131805777549744,7767,0.0,0.0
2003-09-11,0.16629330813884735,0.16629330813884735,0.16629330813884735,0.16629330813884735,633,0.0,0.0
2003-09-12,0.16629330813884735,0.16629330813884735,0.16629330813884735,0.16629330813884735,0,0.0,0.0
2003-09-15,0.28507426275201153,0.28507426275201153,0.16629330813884735,0.16629330813884735,800,0.0,0.0
2003-09-16,0.16629330813884735,0.16629330813884735,0.16629330813884735,0.16629330813884735,0,0.0,0.0
2003-09-17,0.16629330813884735,0.16629330813884735,0.16629330813884735,0.16629330813884735,1667,0.0,0.0
2003-09-18,0.16629330813884735,0.16629330813884735,0.16629330813884735,0.16629330813884735,0,0.0,0.0
2003-09-19,0.23756188562667627,0.23756188562667627,0.16629330813884735,0.16629330813884735,18333,0.0,0.0
2003-09-22,0.16629330813884735,0.16629330813884735,0.16629330813884735,0.16629330813884735,0,0.0,0.0
2003-09-23,0.16629330813884735,0.16629330813884735,0.16629330813884735,0.16629330813884735,0,0.0,0.0
2003-09-24,0.19004949670151497,0.19004949670151497,0.16629330813884735,0.16629330813884735,200,0.0,0.0
2003-09-25,0.11878094077110289,0.11878094077110289,0.11878094077110289,0.1187809407711029,1567,0.0,0.0
2003-09-26,0.11878094077110289,0.11878094077110289,0.11878094077110289,0.1187809407711029,0,0.0,0.0
2003-09-29,0.11878094077110289,0.11878094077110289,0.11878094077110289,0.1187809407711029,0,0.0,0.0
2003-09-30,0.11878094077110289,0.11878094077110289,0.11878094077110289,0.1187809407711029,0,0.0,0.0
2003-10-01,0.11878094077110289,0.11878094077110289,0.11878094077110289,0.1187809407711029,0,0.0,0.0
2003-10-02,0.11878094077110289,0.11878094077110289,0.11878094077110289,0.1187809407711029,0,0.0,0.0
2003-10-03,0.11878094077110289,0.11878094077110289,0.11878094077110289,0.1187809407711029,0,0.0,0.0
2003-10-06,0.11878094077110289,0.11878094077110289,0.11878094077110289,0.1187809407711029,0,0.0,0.0
2003-10-07,0.11878094077110289,0.11878094077110289,0.11878094077110289,0.1187809407711029,1000,0.0,0.0
2003-10-08,0.11878094077110289,0.11878094077110289,0.11878094077110289,0.1187809407711029,2667,0.0,0.0
2003-10-09,0.11878094077110289,0.11878094077110289,0.11878094077110289,0.1187809407711029,100,0.0,0.0
2003-10-10,0.11878094077110289,0.11878094077110289,0.11878094077110289,0.1187809407711029,0,0.0,0.0
2003-10-13,0.11878094077110289,0.11878094077110289,0.11878094077110289,0.1187809407711029,900,0.0,0.0
2003-10-14,0.11878094077110289,0.11878094077110289,0.11878094077110289,0.1187809407711029,2667,0.0,0.0
2003-10-15,0.11878094077110289,0.11878094077110289,0.11878094077110289,0.1187809407711029,67,0.0,0.0
2003-10-16,0.11878094077110289,0.11878094077110289,0.11878094077110289,0.1187809407711029,0,0.0,0.0
2003-10-17,0.11878094077110289,0.11878094077110289,0.11878094077110289,0.1187809407711029,0,0.0,0.0
2003-10-20,0.11878094077110289,0.11878094077110289,0.11878094077110289,0.1187809407711029,0,0.0,0.0
2003-10-21,0.11878094077110289,0.11878094077110289,0.11878094077110289,0.1187809407711029,667,0.0,0.0
2003-10-22,0.11878094077110289,0.11878094077110289,0.11878094077110289,0.1187809407711029,0,0.0,0.0
2003-10-23,0.11878094077110289,0.11878094077110289,0.11878094077110289,0.1187809407711029,0,0.0,0.0
2003-10-24,0.11878094077110289,0.11878094077110289,0.11878094077110289,0.1187809407711029,0,0.0,0.0
2003-10-27,0.11878094077110289,0.11878094077110289,0.11878094077110289,0.1187809407711029,0,0.0,0.0
2003-10-28,0.11878094077110289,0.11878094077110289,0.11878094077110289,0.1187809407711029,0,0.0,0.0
2003-10-29,0.11878094077110289,0.11878094077110289,0.11878094077110289,0.1187809407711029,0,0.0,0.0
2003-10-30,0.11878094077110289,0.11878094077110289,0.11878094077110289,0.1187809407711029,33,0.0,0.0
2003-10-31,0.11878094077110289,0.11878094077110289,0.11878094077110289,0.1187809407711029,0,0.0,0.0
2003-11-03,0.11878094077110289,0.11878094077110289,0.11878094077110289,0.1187809407711029,100,0.0,0.0
2003-11-04,0.11878094077110289,0.11878094077110289,0.11878094077110289,0.1187809407711029,0,0.0,0.0
2003-11-05,0.11878094077110289,0.11878094077110289,0.11878094077110289,0.1187809407711029,233,0.0,0.0
2003-11-06,0.11878094077110289,0.11878094077110289,0.11878094077110289,0.1187809407711029,700,0.0,0.0
2003-11-07,0.11878094077110289,0.11878094077110289,0.11878094077110289,0.1187809407711029,0,0.0,0.0
2003-11-10,0.11878094077110289,0.11878094077110289,0.11878094077110289,0.1187809407711029,0,0.0,0.0
2003-11-11,0.11878094077110289,0.11878094077110289,0.11878094077110289,0.1187809407711029,0,0.0,0.0
2003-11-12,0.11878094077110289,0.11878094077110289,0.11878094077110289,0.1187809407711029,0,0.0,0.0
2003-11-13,0.19004948437213898,0.19004948437213898,0.19004948437213898,0.19004948437213898,200,0.0,0.0
2003-11-14,0.19004948437213898,0.19004948437213898,0.19004948437213898,0.19004948437213898,0,0.0,0.0
2003-11-17,0.11878094077110289,0.11878094077110289,0.11878094077110289,0.1187809407711029,100,0.0,0.0
2003-11-18,0.11878094077110289,0.11878094077110289,0.11878094077110289,0.1187809407711029,0,0.0,0.0
2003-11-19,0.11878094077110289,0.11878094077110289,0.11878094077110289,0.1187809407711029,267,0.0,0.0
2003-11-20,0.11878094077110289,0.11878094077110289,0.11878094077110289,0.1187809407711029,67,0.0,0.0
2003-11-21,0.11878094077110289,0.11878094077110289,0.11878094077110289,0.1187809407711029,0,0.0,0.0
2003-11-24,0.11878094077110289,0.11878094077110289,0.11878094077110289,0.1187809407711029,0,0.0,0.0
2003-11-25,0.11878093510747766,0.19004948437213898,0.11878093510747766,0.19004948437213898,4533,0.0,0.0
2003-11-26,0.11878094077110289,0.11878094077110289,0.11878094077110289,0.1187809407711029,567,0.0,0.0
2003-11-28,0.11878093510747766,0.19004948437213898,0.11878093510747766,0.19004948437213898,24033,0.0,0.0
2003-12-01,0.11878093510747766,0.19004948437213898,0.11878093510747766,0.19004948437213898,733,0.0,0.0
2003-12-02,0.19004948437213898,0.19004948437213898,0.19004948437213898,0.19004948437213898,3333,0.0,0.0
2003-12-03,0.19004948437213898,0.19004948437213898,0.19004948437213898,0.19004948437213898,0,0.0,0.0
2003-12-04,0.19004948437213898,0.19004948437213898,0.19004948437213898,0.19004948437213898,0,0.0,0.0
2003-12-05,0.11878094077110289,0.11878094077110289,0.11878094077110289,0.1187809407711029,333,0.0,0.0
2003-12-08,0.11878094077110289,0.11878094077110289,0.11878094077110289,0.1187809407711029,0,0.0,0.0
2003-12-09,0.11878094077110289,0.11878094077110289,0.11878094077110289,0.1187809407711029,0,0.0,0.0
2003-12-10,0.11878094077110289,0.11878094077110289,0.11878094077110289,0.1187809407711029,2833,0.0,0.0
2003-12-11,0.16629330813884735,0.16629330813884735,0.16629330813884735,0.16629330813884735,667,0.0,0.0
2003-12-12,0.16629330813884735,0.16629330813884735,0.16629330813884735,0.16629330813884735,0,0.0,0.0
2003-12-15,0.11878094077110289,0.11878094077110289,0.11878094077110289,0.1187809407711029,67,0.0,0.0
2003-12-16,0.11878094077110289,0.11878094077110289,0.11878094077110289,0.1187809407711029,167,0.0,0.0
2003-12-17,0.11878094077110289,0.11878094077110289,0.11878094077110289,0.1187809407711029,633,0.0,0.0
2003-12-18,0.11878094077110289,0.11878094077110289,0.11878094077110289,0.1187809407711029,333,0.0,0.0
2003-12-19,0.14253713137600577,0.16629330813884735,0.14253713137600577,0.16629330813884735,6933,0.0,0.0
2003-12-22,0.19004948437213898,0.19004948437213898,0.19004948437213898,0.19004948437213898,3333,0.0,0.0
2003-12-23,0.19004948437213898,0.19004948437213898,0.19004948437213898,0.19004948437213898,0,0.0,0.0
2003-12-24,0.19004948437213898,0.19004948437213898,0.19004948437213898,0.19004948437213898,0,0.0,0.0
2003-12-26,0.14253713190555573,0.14253713190555573,0.14253713190555573,0.14253713190555573,33,0.0,0.0
2003-12-29,0.14253713190555573,0.14253713190555573,0.14253713190555573,0.14253713190555573,1367,0.0,0.0
2003-12-30,0.14253713190555573,0.14253713190555573,0.14253713190555573,0.14253713190555573,333,0.0,0.0
2003-12-31,0.14253713190555573,0.14253713190555573,0.14253713190555573,0.14253713190555573,400,0.0,0.0
2004-01-02,0.14253713190555573,0.14253713190555573,0.14253713190555573,0.14253713190555573,0,0.0,0.0
2004-01-05,0.11878094077110289,0.11878094077110289,0.11878094077110289,0.1187809407711029,67,0.0,0.0
2004-01-06,0.11878094077110289,0.11878094077110289,0.11878094077110289,0.1187809407711029,33,0.0,0.0
2004-01-07,0.11878094077110289,0.11878094077110289,0.11878094077110289,0.1187809407711029,67,0.0,0.0
2004-01-08,0.11878094077110289,0.11878094077110289,0.11878094077110289,0.1187809407711029,0,0.0,0.0
2004-01-09,0.11878094077110289,0.11878094077110289,0.11878094077110289,0.1187809407711029,0,0.0,0.0
2004-01-12,0.11878094077110289,0.11878094077110289,0.11878094077110289,0.1187809407711029,0,0.0,0.0
2004-01-13,0.11878094077110289,0.11878094077110289,0.11878094077110289,0.1187809407711029,0,0.0,0.0
2004-01-14,0.11878094077110289,0.11878094077110289,0.11878094077110289,0.1187809407711029,0,0.0,0.0
2004-01-15,0.11878094077110289,0.11878094077110289,0.11878094077110289,0.1187809407711029,0,0.0,0.0
2004-01-16,0.11878094077110289,0.11878094077110289,0.11878094077110289,0.1187809407711029,0,0.0,0.0
2004-01-20,0.11878094077110289,0.14253712892532347,0.11878094077110289,0.1187809407711029,1267,0.0,0.0
2004-01-21,0.11878094077110289,0.11878094077110289,0.11878094077110289,0.1187809407711029,0,0.0,0.0
2004-01-22,0.11878094325462978,0.14253713190555573,0.11878094325462978,0.14253713190555573,2167,0.0,0.0
2004-01-23,0.14253713190555573,0.14253713190555573,0.14253713190555573,0.14253713190555573,0,0.0,0.0
2004-01-26,0.14253713190555573,0.14253713190555573,0.14253713190555573,0.14253713190555573,0,0.0,0.0
2004-01-27,0.14253713190555573,0.14253713190555573,0.14253713190555573,0.14253713190555573,0,0.0,0.0
2004-01-28,0.14253713190555573,0.14253713190555573,0.14253713190555573,0.14253713190555573,0,0.0,0.0
2004-01-29,0.11878094077110289,0.11878094077110289,0.11878094077110289,0.1187809407711029,67,0.0,0.0
2004-01-30,0.11878094077110289,0.11878094077110289,0.11878094077110289,0.1187809407711029,0,0.0,0.0
2004-02-02,0.11878094077110289,0.11878094077110289,0.11878094077110289,0.1187809407711029,0,0.0,0.0
2004-02-03,0.11878094077110289,0.11878094077110289,0.11878094077110289,0.1187809407711029,0,0.0,0.0
2004-02-04,0.11878094077110289,0.11878094077110289,0.11878094077110289,0.1187809407711029,0,0.0,0.0
2004-02-05,0.11878094325462978,0.14253713190555573,0.11878094325462978,0.14253713190555573,2533,0.0,0.0
2004-02-06,0.47512376308441157,0.47512376308441157,0.23756188154220578,0.2375618815422058,5167,0.0,0.0
2004-02-09,0.35634279871365704,0.35634279871365704,0.23756188154220578,0.2375618815422058,5167,0.0,0.0
2004-02-10,0.23756188154220578,0.23756188154220578,0.23756188154220578,0.2375618815422058,0,0.0,0.0
2004-02-11,0.16629330813884735,0.16629330813884735,0.16629330813884735,0.16629330813884735,333,0.0,0.0
2004-02-12,0.16629330813884735,0.16629330813884735,0.16629330813884735,0.16629330813884735,0,0.0,0.0
2004-02-13,0.16629330813884735,0.16629330813884735,0.16629330813884735,0.16629330813884735,0,0.0,0.0
2004-02-17,0.16629330813884735,0.16629330813884735,0.16629330813884735,0.16629330813884735,2500,0.0,0.0
2004-02-18,0.16629330813884735,0.16629330813884735,0.16629330813884735,0.16629330813884735,0,0.0,0.0
2004-02-19,0.16629330813884735,0.16629330813884735,0.16629330813884735,0.16629330813884735,0,0.0,0.0
2004-02-20,0.16629330813884735,0.16629330813884735,0.16629330813884735,0.16629330813884735,0,0.0,0.0
2004-02-23,0.16629330813884735,0.16629330813884735,0.16629330813884735,0.16629330813884735,733,0.0,0.0
2004-02-24,0.16629330813884735,0.16629330813884735,0.16629330813884735,0.16629330813884735,0,0.0,0.0
2004-02-25,0.16629330813884735,0.16629330813884735,0.16629330813884735,0.16629330813884735,0,0.0,0.0
2004-02-26,0.16629330813884735,0.16629330813884735,0.16629330813884735,0.16629330813884735,0,0.0,0.0
2004-02-27,0.16629330813884735,0.16629330813884735,0.16629330813884735,0.16629330813884735,167,0.0,0.0
2004-03-01,0.16629330813884735,0.16629330813884735,0.16629330813884735,0.16629330813884735,0,0.0,0.0
2004-03-02,0.16629330813884735,0.16629330813884735,0.16629330813884735,0.16629330813884735,0,0.0,0.0
2004-03-03,0.16629330813884735,0.16629330813884735,0.16629330813884735,0.16629330813884735,2167,0.0,0.0
2004-03-04,0.16629330813884735,0.16629330813884735,0.16629330813884735,0.16629330813884735,0,0.0,0.0
2004-03-05,0.16629330813884735,0.16629330813884735,0.16629330813884735,0.16629330813884735,0,0.0,0.0
2004-03-08,0.16629330813884735,0.16629330813884735,0.16629330813884735,0.16629330813884735,67,0.0,0.0
2004-03-09,0.16629330813884735,0.16629330813884735,0.16629330813884735,0.16629330813884735,0,0.0,0.0
2004-03-10,0.16629330813884735,0.16629330813884735,0.16629330813884735,0.16629330813884735,333,0.0,0.0
2004-03-11,0.16629330813884735,0.16629330813884735,0.16629330813884735,0.16629330813884735,333,0.0,0.0
2004-03-12,0.16629330813884735,0.16629330813884735,0.16629330813884735,0.16629330813884735,0,0.0,0.0
2004-03-15,0.16629330813884735,0.16629330813884735,0.16629330813884735,0.16629330813884735,0,0.0,0.0
2004-03-16,0.16629330813884735,0.16629330813884735,0.16629330813884735,0.16629330813884735,0,0.0,0.0
2004-03-17,0.16629330296175998,0.23756187823083663,0.16629330296175998,0.213805690407753,14333,0.0,0.0
2004-03-18,0.213805690407753,0.213805690407753,0.213805690407753,0.213805690407753,0,0.0,0.0
2004-03-19,0.213805690407753,0.213805690407753,0.213805690407753,0.213805690407753,0,0.0,0.0
2004-03-22,0.21380569338798522,0.23756188154220578,0.21380569338798522,0.2375618815422058,2000,0.0,0.0
2004-03-23,0.23756188154220578,0.23756188154220578,0.23756188154220578,0.2375618815422058,0,0.0,0.0
2004-03-24,0.23756188154220578,0.23756188154220578,0.23756188154220578,0.2375618815422058,0,0.0,0.0
2004-03-25,0.23756188154220578,0.23756188154220578,0.23756188154220578,0.2375618815422058,200,0.0,0.0
2004-03-26,0.23756188154220578,0.23756188154220578,0.23756188154220578,0.2375618815422058,0,0.0,0.0
2004-03-29,0.23756188154220578,0.23756188154220578,0.23756188154220578,0.2375618815422058,0,0.0,0.0
2004-03-30,0.213805690407753,0.213805690407753,0.213805690407753,0.213805690407753,233,0.0,0.0
2004-03-31,0.16629330813884735,0.16629330813884735,0.16629330813884735,0.16629330813884735,200,0.0,0.0
2004-04-01,0.16629330813884735,0.16629330813884735,0.16629330813884735,0.16629330813884735,0,0.0,0.0
2004-04-02,0.16629330813884735,0.16629330813884735,0.16629330813884735,0.16629330813884735,33,0.0,0.0
2004-04-05,0.16629330813884735,0.16629330813884735,0.16629330813884735,0.16629330813884735,0,0.0,0.0
2004-04-06,0.21380569706400862,0.21380569706400862,0.16629330813884735,0.16629330813884735,1533,0.0,0.0
2004-04-07,0.213805690407753,0.213805690407753,0.213805690407753,0.213805690407753,1233,0.0,0.0
2004-04-08,0.213805690407753,0.213805690407753,0.213805690407753,0.213805690407753,0,0.0,0.0
2004-04-12,0.213805690407753,0.213805690407753,0.213805690407753,0.213805690407753,0,0.0,0.0
2004-04-13,0.213805690407753,0.213805690407753,0.213805690407753,0.213805690407753,0,0.0,0.0
2004-04-14,0.213805690407753,0.213805690407753,0.213805690407753,0.213805690407753,0,0.0,0.0
2004-04-15,0.213805690407753,0.213805690407753,0.213805690407753,0.213805690407753,0,0.0,0.0
2004-04-16,0.213805690407753,0.213805690407753,0.213805690407753,0.213805690407753,4933,0.0,0.0
2004-04-19,0.213805690407753,0.213805690407753,0.213805690407753,0.213805690407753,0,0.0,0.0
2004-04-20,0.213805690407753,0.213805690407753,0.213805690407753,0.213805690407753,0,0.0,0.0
2004-04-21,0.19004948437213898,0.19004948437213898,0.19004948437213898,0.19004948437213898,33,0.0,0.0
2004-04-22,0.19004948437213898,0.19004948437213898,0.19004948437213898,0.19004948437213898,0,0.0,0.0
2004-04-23,0.19004948437213898,0.19004948437213898,0.19004948437213898,0.19004948437213898,0,0.0,0.0
2004-04-26,0.19004948437213898,0.19004948437213898,0.19004948437213898,0.19004948437213898,0,0.0,0.0
2004-04-27,0.16629329735064344,0.19004948437213898,0.16629329735064344,0.19004948437213898,9367,0.0,0.0
2004-04-28,0.19004948437213898,0.19004948437213898,0.19004948437213898,0.19004948437213898,0,0.0,0.0
2004-04-29,0.213805690407753,0.213805690407753,0.213805690407753,0.213805690407753,1500,0.0,0.0
2004-04-30,0.213805690407753,0.213805690407753,0.213805690407753,0.213805690407753,0,0.0,0.0
2004-05-03,0.213805690407753,0.213805690407753,0.213805690407753,0.213805690407753,0,0.0,0.0
2004-05-04,0.213805690407753,0.213805690407753,0.213805690407753,0.213805690407753,0,0.0,0.0
2004-05-05,0.213805690407753,0.213805690407753,0.213805690407753,0.213805690407753,0,0.0,0.0
2004-05-06,0.213805690407753,0.213805690407753,0.213805690407753,0.213805690407753,0,0.0,0.0
2004-05-07,0.213805690407753,0.213805690407753,0.213805690407753,0.213805690407753,0,0.0,0.0
2004-05-10,0.213805690407753,0.213805690407753,0.213805690407753,0.213805690407753,0,0.0,0.0
2004-05-11,0.16629330813884735,0.16629330813884735,0.16629330813884735,0.16629330813884735,67,0.0,0.0
2004-05-12,0.16629330813884735,0.16629330813884735,0.16629330813884735,0.16629330813884735,0,0.0,0.0
2004-05-13,0.16629330813884735,0.16629330813884735,0.16629330813884735,0.16629330813884735,0,0.0,0.0
2004-05-14,0.16629330813884735,0.16629330813884735,0.16629330813884735,0.16629330813884735,0,0.0,0.0
2004-05-17,0.16629330813884735,0.16629330813884735,0.16629330813884735,0.16629330813884735,0,0.0,0.0
2004-05-18,0.16629330813884735,0.16629330813884735,0.16629330813884735,0.16629330813884735,200,0.0,0.0
2004-05-19,0.16629330813884735,0.16629330813884735,0.16629330813884735,0.16629330813884735,0,0.0,0.0
2004-05-20,0.16629330813884735,0.16629330813884735,0.16629330813884735,0.16629330813884735,0,0.0,0.0
2004-05-21,0.213805690407753,0.213805690407753,0.213805690407753,0.213805690407753,1533,0.0,0.0
2004-05-24,0.213805690407753,0.213805690407753,0.213805690407753,0.213805690407753,0,0.0,0.0
2004-05-25,0.213805690407753,0.213805690407753,0.213805690407753,0.213805690407753,0,0.0,0.0
2004-05-26,0.213805690407753,0.213805690407753,0.213805690407753,0.213805690407753,0,0.0,0.0
2004-05-27,0.213805690407753,0.213805690407753,0.213805690407753,0.213805690407753,0,0.0,0.0
2004-05-28,0.213805690407753,0.213805690407753,0.213805690407753,0.213805690407753,0,0.0,0.0
2004-06-01,0.213805690407753,0.213805690407753,0.213805690407753,0.213805690407753,0,0.0,0.0
2004-06-02,0.213805690407753,0.213805690407753,0.213805690407753,0.213805690407753,0,0.0,0.0
2004-06-03,0.213805690407753,0.213805690407753,0.213805690407753,0.213805690407753,0,0.0,0.0
2004-06-04,0.213805690407753,0.213805690407753,0.213805690407753,0.213805690407753,0,0.0,0.0
2004-06-07,0.213805690407753,0.213805690407753,0.213805690407753,0.213805690407753,0,0.0,0.0
2004-06-08,0.213805690407753,0.213805690407753,0.213805690407753,0.213805690407753,0,0.0,0.0
2004-06-09,0.213805690407753,0.213805690407753,0.213805690407753,0.213805690407753,0,0.0,0.0
2004-06-10,0.213805690407753,0.213805690407753,0.213805690407753,0.213805690407753,0,0.0,0.0
2004-06-14,0.14253713190555573,0.14253713190555573,0.14253713190555573,0.14253713190555573,333,0.0,0.0
2004-06-15,0.1662933087566556,0.1662933087566556,0.14253713190555573,0.14253713190555573,3500,0.0,0.0
2004-06-16,0.14253713190555573,0.14253713190555573,0.14253713190555573,0.14253713190555573,0,0.0,0.0
2004-06-17,0.14253713190555573,0.14253713190555573,0.14253713190555573,0.14253713190555573,0,0.0,0.0
2004-06-18,0.14253713190555573,0.14253713190555573,0.14253713190555573,0.14253713190555573,0,0.0,0.0
2004-06-21,0.14253713190555573,0.14253713190555573,0.14253713190555573,0.14253713190555573,1133,0.0,0.0
2004-06-22,0.14253713190555573,0.14253713190555573,0.14253713190555573,0.14253713190555573,667,0.0,0.0
2004-06-23,0.14253713190555573,0.14253713190555573,0.14253713190555573,0.14253713190555573,0,0.0,0.0
2004-06-24,0.16629330813884735,0.16629330813884735,0.16629330813884735,0.16629330813884735,1600,0.0,0.0
2004-06-25,0.14253713190555573,0.14253713190555573,0.14253713190555573,0.14253713190555573,333,0.0,0.0
2004-06-28,0.14253713190555573,0.14253713190555573,0.14253713190555573,0.14253713190555573,0,0.0,0.0
2004-06-29,0.14253713190555573,0.14253713190555573,0.14253713190555573,0.14253713190555573,0,0.0,0.0
2004-06-30,0.14253713190555573,0.14253713190555573,0.14253713190555573,0.14253713190555573,100,0.0,0.0
2004-07-01,0.14253713190555573,0.14253713190555573,0.14253713190555573,0.14253713190555573,0,0.0,0.0
2004-07-02,0.14253713190555573,0.14253713190555573,0.14253713190555573,0.14253713190555573,0,0.0,0.0
2004-07-06,0.14253713190555573,0.14253713190555573,0.14253713190555573,0.14253713190555573,0,0.0,0.0
2004-07-07,0.23756188154220578,0.23756188154220578,0.23756188154220578,0.2375618815422058,3333,0.0,0.0
2004-07-08,0.23756188154220578,0.23756188154220578,0.23756188154220578,0.2375618815422058,0,0.0,0.0
2004-07-09,0.23756188154220578,0.23756188154220578,0.23756188154220578,0.2375618815422058,0,0.0,0.0
2004-07-12,0.23756188154220578,0.23756188154220578,0.23756188154220578,0.2375618815422058,0,0.0,0.0
2004-07-13,0.23756188154220578,0.23756188154220578,0.23756188154220578,0.2375618815422058,0,0.0,0.0
2004-07-14,0.23756188154220578,0.23756188154220578,0.23756188154220578,0.2375618815422058,0,0.0,0.0
2004-07-15,0.23756188154220578,0.23756188154220578,0.23756188154220578,0.2375618815422058,0,0.0,0.0
2004-07-16,0.14253713190555573,0.14253713190555573,0.14253713190555573,0.14253713190555573,667,0.0,0.0
2004-07-19,0.14253713190555573,0.14253713190555573,0.14253713190555573,0.14253713190555573,0,0.0,0.0
2004-07-20,0.14253713190555573,0.14253713190555573,0.14253713190555573,0.14253713190555573,0,0.0,0.0
2004-07-21,0.14253713190555573,0.14253713190555573,0.14253713190555573,0.14253713190555573,0,0.0,0.0
2004-07-22,0.14253713190555573,0.14253713190555573,0.14253713190555573,0.14253713190555573,0,0.0,0.0
2004-07-23,0.14253713190555573,0.14253713190555573,0.14253713190555573,0.14253713190555573,0,0.0,0.0
2004-07-26,0.14253713190555573,0.14253713190555573,0.14253713190555573,0.14253713190555573,33,0.0,0.0
2004-07-27,0.14253713190555573,0.14253713190555573,0.14253713190555573,0.14253713190555573,0,0.0,0.0
2004-07-28,0.14253713190555573,0.14253713190555573,0.14253713190555573,0.14253713190555573,167,0.0,0.0
2004-07-29,0.14253713190555573,0.14253713190555573,0.14253713190555573,0.14253713190555573,0,0.0,0.0
2004-07-30,0.14253713190555573,0.14253713190555573,0.14253713190555573,0.14253713190555573,0,0.0,0.0
2004-08-02,0.11878094077110289,0.11878094077110289,0.11878094077110289,0.1187809407711029,1333,0.0,0.0
2004-08-03,0.11878094077110289,0.11878094077110289,0.11878094077110289,0.1187809407711029,3367,0.0,0.0
2004-08-04,0.11878094077110289,0.11878094077110289,0.11878094077110289,0.1187809407711029,0,0.0,0.0
2004-08-05,0.11878094077110289,0.11878094077110289,0.11878094077110289,0.1187809407711029,0,0.0,0.0
2004-08-06,0.11878094077110289,0.11878094077110289,0.11878094077110289,0.1187809407711029,0,0.0,0.0
2004-08-09,0.11878094077110289,0.11878094077110289,0.11878094077110289,0.1187809407711029,0,0.0,0.0
2004-08-10,0.11878094325462978,0.14253713190555573,0.11878094325462978,0.14253713190555573,200,0.0,0.0
2004-08-11,0.14253713190555573,0.14253713190555573,0.14253713190555573,0.14253713190555573,0,0.0,0.0
2004-08-12,0.14253713190555573,0.14253713190555573,0.14253713190555573,0.14253713190555573,0,0.0,0.0
2004-08-13,0.14253713190555573,0.14253713190555573,0.14253713190555573,0.14253713190555573,0,0.0,0.0
2004-08-16,0.11878093510747766,0.19004948437213898,0.11878093510747766,0.19004948437213898,333,0.0,0.0
2004-08-17,0.19004948437213898,0.19004948437213898,0.19004948437213898,0.19004948437213898,0,0.0,0.0
2004-08-18,0.11878094077110289,0.11878094077110289,0.11878094077110289,0.1187809407711029,167,0.0,0.0
2004-08-19,0.11878094077110289,0.11878094077110289,0.11878094077110289,0.1187809407711029,0,0.0,0.0
2004-08-20,0.23756188650925955,0.23756188650925955,0.11878094325462978,0.14253713190555573,900,0.0,0.0
2004-08-23,0.14253713190555573,0.14253713190555573,0.14253713190555573,0.14253713190555573,0,0.0,0.0
2004-08-24,0.14253713190555573,0.14253713190555573,0.14253713190555573,0.14253713190555573,0,0.0,0.0
2004-08-25,0.14253713190555573,0.14253713190555573,0.14253713190555573,0.14253713190555573,0,0.0,0.0
2004-08-26,0.14253713190555573,0.14253713190555573,0.14253713190555573,0.14253713190555573,0,0.0,0.0
2004-08-27,0.11878094077110289,0.11878094077110289,0.11878094077110289,0.1187809407711029,100,0.0,0.0
2004-08-30,0.11878094077110289,0.11878094077110289,0.11878094077110289,0.1187809407711029,0,0.0,0.0
2004-08-31,0.11878094077110289,0.11878094077110289,0.11878094077110289,0.1187809407711029,667,0.0,0.0
2004-09-01,0.11878094077110289,0.11878094077110289,0.11878094077110289,0.1187809407711029,333,0.0,0.0
2004-09-02,0.11878094077110289,0.11878094077110289,0.11878094077110289,0.1187809407711029,0,0.0,0.0
2004-09-03,0.11878094077110289,0.11878094077110289,0.11878094077110289,0.1187809407711029,0,0.0,0.0
2004-09-07,0.11878094077110289,0.11878094077110289,0.11878094077110289,0.1187809407711029,0,0.0,0.0
2004-09-08,0.11878094077110289,0.11878094077110289,0.11878094077110289,0.1187809407711029,0,0.0,0.0
2004-09-09,0.11878094077110289,0.11878094077110289,0.11878094077110289,0.1187809407711029,67,0.0,0.0
2004-09-10,0.11878094077110289,0.11878094077110289,0.11878094077110289,0.1187809407711029,100,0.0,0.0
2004-09-13,0.11878094077110289,0.11878094077110289,0.11878094077110289,0.1187809407711029,0,0.0,0.0
2004-09-14,0.11878094077110289,0.11878094077110289,0.11878094077110289,0.1187809407711029,0,0.0,0.0
2004-09-15,0.11878094077110289,0.11878094077110289,0.11878094077110289,0.1187809407711029,0,0.0,0.0
2004-09-16,0.11878094077110289,0.11878094077110289,0.11878094077110289,0.1187809407711029,0,0.0,0.0
2004-09-17,0.11878094077110289,0.11878094077110289,0.11878094077110289,0.1187809407711029,0,0.0,0.0
2004-09-20,0.11878094077110289,0.11878094077110289,0.11878094077110289,0.1187809407711029,1433,0.0,0.0
2004-09-21,0.11878094077110289,0.11878094077110289,0.11878094077110289,0.1187809407711029,0,0.0,0.0
2004-09-22,0.11878094077110289,0.11878094077110289,0.11878094077110289,0.1187809407711029,0,0.0,0.0
2004-09-23,0.11878094077110289,0.11878094077110289,0.11878094077110289,0.1187809407711029,0,0.0,0.0
2004-09-24,0.11878094077110289,0.11878094077110289,0.11878094077110289,0.1187809407711029,0,0.0,0.0
2004-09-27,0.11878094077110289,0.11878094077110289,0.11878094077110289,0.1187809407711029,0,0.0,0.0
2004-09-28,0.11878094077110289,0.11878094077110289,0.11878094077110289,0.1187809407711029,0,0.0,0.0
2004-09-29,0.11878094077110289,0.11878094077110289,0.11878094077110289,0.1187809407711029,33,0.0,0.0
2004-09-30,0.11878094077110289,0.11878094077110289,0.11878094077110289,0.1187809407711029,0,0.0,0.0
2004-10-01,0.11878094077110289,0.11878094077110289,0.11878094077110289,0.1187809407711029,0,0.0,0.0
2004-10-04,0.11878094077110289,0.11878094077110289,0.11878094077110289,0.1187809407711029,0,0.0,0.0
2004-10-05,0.11878094077110289,0.11878094077110289,0.11878094077110289,0.1187809407711029,0,0.0,0.0
2004-10-06,0.11878094077110289,0.11878094077110289,0.11878094077110289,0.1187809407711029,0,0.0,0.0
2004-10-07,0.11878094077110289,0.11878094077110289,0.11878094077110289,0.1187809407711029,0,0.0,0.0
2004-10-08,0.11878094077110289,0.11878094077110289,0.11878094077110289,0.1187809407711029,0,0.0,0.0
2004-10-11,0.11878094077110289,0.11878094077110289,0.11878094077110289,0.1187809407711029,0,0.0,0.0
2004-10-12,0.11878094077110289,0.11878094077110289,0.11878094077110289,0.1187809407711029,0,0.0,0.0
2004-10-13,0.11878094077110289,0.11878094077110289,0.11878094077110289,0.1187809407711029,0,0.0,0.0
2004-10-14,0.11878094077110289,0.11878094077110289,0.11878094077110289,0.1187809407711029,0,0.0,0.0
2004-10-15,0.11878094077110289,0.11878094077110289,0.11878094077110289,0.1187809407711029,33,0.0,0.0
2004-10-18,0.11878094077110289,0.11878094077110289,0.11878094077110289,0.1187809407711029,0,0.0,0.0
2004-10-19,0.11878094077110289,0.14253712892532347,0.11878094077110289,0.1187809407711029,367,0.0,0.0
2004-10-20,0.11878094077110289,0.11878094077110289,0.11878094077110289,0.1187809407711029,0,0.0,0.0
2004-10-21,0.11878094077110289,0.11878094077110289,0.11878094077110289,0.1187809407711029,33,0.0,0.0
2004-10-22,0.11878094077110289,0.11878094077110289,0.11878094077110289,0.1187809407711029,0,0.0,0.0
2004-10-25,0.11878094077110289,0.11878094077110289,0.11878094077110289,0.1187809407711029,0,0.0,0.0
2004-10-26,0.11878094077110289,0.11878094077110289,0.11878094077110289,0.1187809407711029,0,0.0,0.0
2004-10-27,0.11878094077110289,0.11878094077110289,0.11878094077110289,0.1187809407711029,333,0.0,0.0
2004-10-28,0.23756188154220578,0.23756188154220578,0.23756188154220578,0.2375618815422058,667,0.0,0.0
2004-10-29,0.23756188154220578,0.23756188154220578,0.23756188154220578,0.2375618815422058,0,0.0,0.0
2004-11-01,0.23756188154220578,0.23756188154220578,0.23756188154220578,0.2375618815422058,0,0.0,0.0
2004-11-02,0.23756188154220578,0.23756188154220578,0.23756188154220578,0.2375618815422058,0,0.0,0.0
2004-11-03,0.23756188154220578,0.23756188154220578,0.23756188154220578,0.2375618815422058,2400,0.0,0.0
2004-11-04,0.23756188154220578,0.23756188154220578,0.23756188154220578,0.2375618815422058,0,0.0,0.0
2004-11-05,0.11878094077110289,0.11878094077110289,0.11878094077110289,0.1187809407711029,133,0.0,0.0
2004-11-08,0.11878094077110289,0.14253712892532347,0.11878094077110289,0.1187809407711029,1333,0.0,0.0
2004-11-09,0.11878094077110289,0.11878094077110289,0.11878094077110289,0.1187809407711029,100,0.0,0.0
2004-11-10,0.11878094325462978,0.14253713190555573,0.11878094325462978,0.14253713190555573,1333,0.0,0.0
2004-11-11,0.14253713190555573,0.14253713190555573,0.14253713190555573,0.14253713190555573,0,0.0,0.0
2004-11-12,0.11878094077110289,0.11878094077110289,0.11878094077110289,0.1187809407711029,100,0.0,0.0
2004-11-15,0.11878094077110289,0.11878094077110289,0.11878094077110289,0.1187809407711029,0,0.0,0.0
2004-11-16,0.14253712892532347,0.14253712892532347,0.11878094077110289,0.1187809407711029,333,0.0,0.0
2004-11-17,0.11878094077110289,0.11878094077110289,0.11878094077110289,0.1187809407711029,100,0.0,0.0
2004-11-18,0.11878094077110289,0.11878094077110289,0.11878094077110289,0.1187809407711029,200,0.0,0.0
2004-11-19,0.11878094325462978,0.14253713190555573,0.11878094325462978,0.14253713190555573,67,0.0,0.0
2004-11-22,0.14253713190555573,0.14253713190555573,0.14253713190555573,0.14253713190555573,0,0.0,0.0
2004-11-23,0.11878094077110289,0.11878094077110289,0.11878094077110289,0.1187809407711029,1000,0.0,0.0
2004-11-24,0.11878094077110289,0.11878094077110289,0.11878094077110289,0.1187809407711029,0,0.0,0.0
2004-11-26,0.14253713190555573,0.14253713190555573,0.11878094325462978,0.14253713190555573,1333,0.0,0.0
2004-11-29,0.14253713190555573,0.14253713190555573,0.14253713190555573,0.14253713190555573,0,0.0,0.0
2004-11-30,0.11878094077110289,0.16629330527971822,0.11878094077110289,0.1187809407711029,26367,0.0,0.0
2004-12-01,0.11878094077110289,0.11878094077110289,0.11878094077110289,0.1187809407711029,0,0.0,0.0
2004-12-02,0.11878094077110289,0.11878094077110289,0.11878094077110289,0.1187809407711029,0,0.0,0.0
2004-12-03,0.11878094077110289,0.11878094077110289,0.11878094077110289,0.1187809407711029,0,0.0,0.0
2004-12-06,0.11878094077110289,0.11878094077110289,0.11878094077110289,0.1187809407711029,333,0.0,0.0
2004-12-07,0.11878094077110289,0.11878094077110289,0.11878094077110289,0.1187809407711029,367,0.0,0.0
2004-12-08,0.11878094077110289,0.11878094077110289,0.11878094077110289,0.1187809407711029,67,0.0,0.0
2004-12-09,0.11878094077110289,0.11878094077110289,0.11878094077110289,0.1187809407711029,0,0.0,0.0
2004-12-10,0.11878094077110289,0.11878094077110289,0.11878094077110289,0.1187809407711029,633,0.0,0.0
2004-12-13,0.11878094077110289,0.11878094077110289,0.11878094077110289,0.1187809407711029,0,0.0,0.0
2004-12-14,0.11878094077110289,0.11878094077110289,0.11878094077110289,0.1187809407711029,0,0.0,0.0
2004-12-15,0.14253712892532347,0.14253712892532347,0.11878094077110289,0.1187809407711029,1600,0.0,0.0
2004-12-16,0.11878094077110289,0.11878094077110289,0.11878094077110289,0.1187809407711029,1033,0.0,0.0
2004-12-17,0.11878094077110289,0.11878094077110289,0.11878094077110289,0.1187809407711029,0,0.0,0.0
2004-12-20,0.11878094077110289,0.11878094077110289,0.11878094077110289,0.1187809407711029,0,0.0,0.0
2004-12-21,0.11878094077110289,0.11878094077110289,0.11878094077110289,0.1187809407711029,0,0.0,0.0
2004-12-22,0.14253712892532347,0.14253712892532347,0.11878094077110289,0.1187809407711029,1567,0.0,0.0
2004-12-23,0.11878094077110289,0.11878094077110289,0.11878094077110289,0.1187809407711029,400,0.0,0.0
2004-12-27,0.11878094077110289,0.11878094077110289,0.11878094077110289,0.1187809407711029,0,0.0,0.0
2004-12-28,0.11878094281333813,0.19004949670151497,0.11878094281333813,0.16629330813884735,2100,0.0,0.0
2004-12-29,0.16629329735064344,0.19004948437213898,0.16629329735064344,0.19004948437213898,2400,0.0,0.0
2004-12-30,0.23756188154220578,0.23756188154220578,0.23756188154220578,0.2375618815422058,4100,0.0,0.0
2004-12-31,0.23756188154220578,0.23756188154220578,0.23756188154220578,0.2375618815422058,200,0.0,0.0
2005-01-03,0.23756188154220578,0.23756188154220578,0.23756188154220578,0.2375618815422058,1500,0.0,0.0
2005-01-04,0.23756188154220578,0.23756188154220578,0.23756188154220578,0.2375618815422058,167,0.0,0.0
2005-01-05,0.23756188154220578,0.23756188154220578,0.23756188154220578,0.2375618815422058,0,0.0,0.0
2005-01-06,0.23756188154220578,0.23756188154220578,0.23756188154220578,0.2375618815422058,0,0.0,0.0
2005-01-07,0.23756188154220578,0.23756188154220578,0.23756188154220578,0.2375618815422058,300,0.0,0.0
2005-01-10,0.23756188154220578,0.23756188154220578,0.23756188154220578,0.2375618815422058,0,0.0,0.0
2005-01-11,0.23756188154220578,0.23756188154220578,0.23756188154220578,0.2375618815422058,0,0.0,0.0
2005-01-12,0.23756188154220578,0.23756188154220578,0.23756188154220578,0.2375618815422058,167,0.0,0.0
2005-01-13,0.23756188154220578,0.23756188154220578,0.23756188154220578,0.2375618815422058,2000,0.0,0.0
2005-01-14,0.23756188154220578,0.23756188154220578,0.23756188154220578,0.2375618815422058,0,0.0,0.0
2005-01-18,0.23756188154220578,0.23756188154220578,0.23756188154220578,0.2375618815422058,0,0.0,0.0
2005-01-19,0.23756188154220578,0.23756188154220578,0.23756188154220578,0.2375618815422058,0,0.0,0.0
2005-01-20,0.23756188154220578,0.23756188154220578,0.23756188154220578,0.2375618815422058,0,0.0,0.0
2005-01-21,0.23756188154220578,0.23756188154220578,0.23756188154220578,0.2375618815422058,667,0.0,0.0
2005-01-24,0.23756188154220578,0.23756188154220578,0.23756188154220578,0.2375618815422058,1667,0.0,0.0
2005-01-25,0.16629329735064344,0.2375618702149553,0.14253712212897318,0.19004948437213898,15600,0.0,0.0
2005-01-26,0.23756188154220578,0.23756188154220578,0.23756188154220578,0.2375618815422058,3333,0.0,0.0
2005-01-27,0.16629330813884735,0.16629330813884735,0.16629330813884735,0.16629330813884735,100,0.0,0.0
2005-01-28,0.16629330813884735,0.16629330813884735,0.16629330813884735,0.16629330813884735,67,0.0,0.0
2005-01-31,0.16629330813884735,0.16629330813884735,0.16629330813884735,0.16629330813884735,167,0.0,0.0
2005-02-01,0.1662933087566556,0.28507426381111145,0.1662933087566556,0.28507426381111145,800,0.0,0.0
2005-02-02,0.28507426381111145,0.28507426381111145,0.28507426381111145,0.28507426381111145,0,0.0,0.0
2005-02-03,0.16629330813884735,0.16629330813884735,0.16629330813884735,0.16629330813884735,333,0.0,0.0
2005-02-04,0.16629330813884735,0.16629330813884735,0.16629330813884735,0.16629330813884735,3233,0.0,0.0
2005-02-07,0.16629330813884735,0.16629330813884735,0.16629330813884735,0.16629330813884735,100,0.0,0.0
2005-02-08,0.16629330813884735,0.16629330813884735,0.16629330813884735,0.16629330813884735,0,0.0,0.0
2005-02-09,0.16629330813884735,0.16629330813884735,0.16629330813884735,0.16629330813884735,0,0.0,0.0
2005-02-10,0.16629330813884735,0.16629330813884735,0.16629330813884735,0.16629330813884735,0,0.0,0.0
2005-02-11,0.16629330813884735,0.16629330813884735,0.16629330813884735,0.16629330813884735,333,0.0,0.0
2005-02-14,0.16629330813884735,0.16629330813884735,0.16629330813884735,0.16629330813884735,0,0.0,0.0
2005-02-15,0.16629330813884735,0.16629330813884735,0.16629330813884735,0.16629330813884735,0,0.0,0.0
2005-02-16,0.16629330813884735,0.16629330813884735,0.16629330813884735,0.16629330813884735,0,0.0,0.0
2005-02-17,0.16629330813884735,0.16629330813884735,0.16629330813884735,0.16629330813884735,0,0.0,0.0
2005-02-18,0.16629330813884735,0.16629330813884735,0.16629330813884735,0.16629330813884735,0,0.0,0.0
2005-02-22,0.16629330813884735,0.16629330813884735,0.16629330813884735,0.16629330813884735,0,0.0,0.0
2005-02-23,0.16629330813884735,0.16629330813884735,0.16629330813884735,0.16629330813884735,0,0.0,0.0
2005-02-24,0.16629330813884735,0.16629330813884735,0.16629330813884735,0.16629330813884735,0,0.0,0.0
2005-02-25,0.16629330813884735,0.16629330813884735,0.16629330813884735,0.16629330813884735,1100,0.0,0.0
2005-02-28,0.16629330813884735,0.16629330813884735,0.16629330813884735,0.16629330813884735,0,0.0,0.0
2005-03-01,0.16629330813884735,0.16629330813884735,0.16629330813884735,0.16629330813884735,3333,0.0,0.0
2005-03-02,0.16629330813884735,0.16629330813884735,0.16629330813884735,0.16629330813884735,0,0.0,0.0
2005-03-03,0.16629330813884735,0.16629330813884735,0.16629330813884735,0.16629330813884735,0,0.0,0.0
2005-03-04,0.16629330813884735,0.16629330813884735,0.16629330813884735,0.16629330813884735,0,0.0,0.0
2005-03-07,0.16629330813884735,0.16629330813884735,0.16629330813884735,0.16629330813884735,0,0.0,0.0
2005-03-08,0.16629329735064344,0.19004948437213898,0.16629329735064344,0.19004948437213898,867,0.0,0.0
2005-03-09,0.19004948437213898,0.19004948437213898,0.19004948437213898,0.19004948437213898,0,0.0,0.0
2005-03-10,0.19004948437213898,0.19004948437213898,0.19004948437213898,0.19004948437213898,0,0.0,0.0
2005-03-11,0.16629330813884735,0.16629330813884735,0.16629330813884735,0.16629330813884735,100,0.0,0.0
2005-03-14,0.16629330813884735,0.16629330813884735,0.16629330813884735,0.16629330813884735,0,0.0,0.0
2005-03-15,0.16629330813884735,0.16629330813884735,0.16629330813884735,0.16629330813884735,0,0.0,0.0
2005-03-16,0.16629330813884735,0.16629330813884735,0.16629330813884735,0.16629330813884735,0,0.0,0.0
2005-03-17,0.16629330813884735,0.16629330813884735,0.16629330813884735,0.16629330813884735,0,0.0,0.0
2005-03-18,0.16629330813884735,0.16629330813884735,0.16629330813884735,0.16629330813884735,33,0.0,0.0
2005-03-21,0.16629330813884735,0.16629330813884735,0.16629330813884735,0.16629330813884735,0,0.0,0.0
2005-03-22,0.16629330813884735,0.16629330813884735,0.16629330813884735,0.16629330813884735,0,0.0,0.0
2005-03-23,0.16629330813884735,0.16629330813884735,0.16629330813884735,0.16629330813884735,0,0.0,0.0
2005-03-24,0.16629330813884735,0.16629330813884735,0.16629330813884735,0.16629330813884735,0,0.0,0.0
2005-03-28,0.16629330813884735,0.16629330813884735,0.16629330813884735,0.16629330813884735,333,0.0,0.0
2005-03-29,0.16629330813884735,0.16629330813884735,0.16629330813884735,0.16629330813884735,0,0.0,0.0
2005-03-30,0.16629330813884735,0.16629330813884735,0.16629330813884735,0.16629330813884735,0,0.0,0.0
2005-03-31,0.16629330813884735,0.16629330813884735,0.16629330813884735,0.16629330813884735,0,0.0,0.0
2005-04-01,0.16629330813884735,0.16629330813884735,0.16629330813884735,0.16629330813884735,0,0.0,0.0
2005-04-04,0.16629330813884735,0.16629330813884735,0.16629330813884735,0.16629330813884735,100,0.0,0.0
2005-04-05,0.16629330813884735,0.16629330813884735,0.16629330813884735,0.16629330813884735,0,0.0,0.0
2005-04-06,0.16629330813884735,0.16629330813884735,0.16629330813884735,0.16629330813884735,0,0.0,0.0
2005-04-07,0.16629330813884735,0.16629330813884735,0.16629330813884735,0.16629330813884735,133,0.0,0.0
2005-04-08,0.16629330813884735,0.16629330813884735,0.16629330813884735,0.16629330813884735,0,0.0,0.0
2005-04-11,0.23756188154220578,0.23756188154220578,0.23756188154220578,0.2375618815422058,2667,0.0,0.0
2005-04-12,0.19004948437213898,0.19004948437213898,0.19004948437213898,0.19004948437213898,3333,0.0,0.0
2005-04-13,0.19004948437213898,0.19004948437213898,0.19004948437213898,0.19004948437213898,0,0.0,0.0
2005-04-14,0.19004948437213898,0.19004948437213898,0.19004948437213898,0.19004948437213898,167,0.0,0.0
2005-04-15,0.19004948437213898,0.19004948437213898,0.19004948437213898,0.19004948437213898,0,0.0,0.0
2005-04-18,0.19004948437213898,0.19004948437213898,0.19004948437213898,0.19004948437213898,67,0.0,0.0
2005-04-19,0.19004948437213898,0.19004948437213898,0.19004948437213898,0.19004948437213898,0,0.0,0.0
2005-04-20,0.19004948437213898,0.19004948437213898,0.19004948437213898,0.19004948437213898,0,0.0,0.0
2005-04-21,0.23756188154220578,0.23756188154220578,0.23756188154220578,0.2375618815422058,15000,0.0,0.0
2005-04-22,0.23756188154220578,0.23756188154220578,0.23756188154220578,0.2375618815422058,0,0.0,0.0
2005-04-25,0.3563427846792701,0.3563427846792701,0.2850742466231367,0.3088304102420807,19333,0.0,0.0
2005-04-26,0.3088304102420807,0.3088304102420807,0.3088304102420807,0.3088304102420807,1067,0.0,0.0
2005-04-27,0.3088304102420807,0.3088304102420807,0.3088304102420807,0.3088304102420807,333,0.0,0.0
2005-04-28,0.3088304102420807,0.3088304102420807,0.3088304102420807,0.3088304102420807,1667,0.0,0.0
2005-04-29,0.35634279251098633,0.35634279251098633,0.35634279251098633,0.35634279251098633,67,0.0,0.0
2005-05-02,0.35634279251098633,0.35634279251098633,0.35634279251098633,0.35634279251098633,0,0.0,0.0
2005-05-03,0.19004949343393882,0.23756188154220578,0.19004949343393882,0.2375618815422058,18500,0.0,0.0
2005-05-04,0.26131805777549744,0.26131805777549744,0.26131805777549744,0.26131805777549744,6667,0.0,0.0
2005-05-05,0.26131805777549744,0.26131805777549744,0.26131805777549744,0.26131805777549744,0,0.0,0.0
2005-05-06,0.26131805777549744,0.26131805777549744,0.26131805777549744,0.26131805777549744,0,0.0,0.0
2005-05-09,0.26131805777549744,0.26131805777549744,0.26131805777549744,0.26131805777549744,0,0.0,0.0
2005-05-10,0.26131805777549744,0.26131805777549744,0.26131805777549744,0.26131805777549744,3333,0.0,0.0
2005-05-11,0.26131805777549744,0.26131805777549744,0.26131805777549744,0.26131805777549744,0,0.0,0.0
2005-05-12,0.26131805777549744,0.26131805777549744,0.26131805777549744,0.26131805777549744,0,0.0,0.0
2005-05-13,0.26131805777549744,0.26131805777549744,0.26131805777549744,0.26131805777549744,133,0.0,0.0
2005-05-16,0.26131805777549744,0.26131805777549744,0.26131805777549744,0.26131805777549744,0,0.0,0.0
2005-05-17,0.26131805777549744,0.26131805777549744,0.26131805777549744,0.26131805777549744,1667,0.0,0.0
2005-05-18,0.26131805777549744,0.26131805777549744,0.26131805777549744,0.26131805777549744,133,0.0,0.0
2005-05-19,0.213805690407753,0.213805690407753,0.213805690407753,0.213805690407753,5133,0.0,0.0
2005-05-20,0.213805690407753,0.213805690407753,0.213805690407753,0.213805690407753,0,0.0,0.0
2005-05-23,0.213805690407753,0.213805690407753,0.213805690407753,0.213805690407753,267,0.0,0.0
2005-05-24,0.213805690407753,0.213805690407753,0.213805690407753,0.213805690407753,0,0.0,0.0
2005-05-25,0.213805690407753,0.213805690407753,0.213805690407753,0.213805690407753,0,0.0,0.0
2005-05-26,0.21380569338798522,0.23756188154220578,0.21380569338798522,0.2375618815422058,12200,0.0,0.0
2005-05-27,0.23756188154220578,0.23756188154220578,0.23756188154220578,0.2375618815422058,0,0.0,0.0
2005-05-31,0.26131805777549744,0.26131805777549744,0.26131805777549744,0.26131805777549744,5233,0.0,0.0
2005-06-01,0.26131805777549744,0.26131805777549744,0.26131805777549744,0.26131805777549744,0,0.0,0.0
2005-06-02,0.26131805777549744,0.26131805777549744,0.26131805777549744,0.26131805777549744,0,0.0,0.0
2005-06-03,0.26131805777549744,0.26131805777549744,0.26131805777549744,0.26131805777549744,0,0.0,0.0
2005-06-06,0.26131805777549744,0.26131805777549744,0.26131805777549744,0.26131805777549744,9000,0.0,0.0
2005-06-07,0.26131805777549744,0.26131805777549744,0.26131805777549744,0.26131805777549744,0,0.0,0.0
2005-06-08,0.26131805777549744,0.26131805777549744,0.26131805777549744,0.26131805777549744,0,0.0,0.0
2005-06-09,0.28507426381111145,0.28507426381111145,0.28507426381111145,0.28507426381111145,1000,0.0,0.0
2005-06-10,0.28507426381111145,0.28507426381111145,0.28507426381111145,0.28507426381111145,0,0.0,0.0
2005-06-13,0.28507426381111145,0.28507426381111145,0.28507426381111145,0.28507426381111145,0,0.0,0.0
2005-06-14,0.26131806605392033,0.26131806605392033,0.213805690407753,0.213805690407753,4967,0.0,0.0
2005-06-15,0.213805690407753,0.213805690407753,0.213805690407753,0.213805690407753,0,0.0,0.0
2005-06-16,0.213805690407753,0.213805690407753,0.213805690407753,0.213805690407753,0,0.0,0.0
2005-06-17,0.213805690407753,0.213805690407753,0.213805690407753,0.213805690407753,2000,0.0,0.0
2005-06-20,0.213805690407753,0.213805690407753,0.213805690407753,0.213805690407753,0,0.0,0.0
2005-06-21,0.19004948437213898,0.19004948437213898,0.19004948437213898,0.19004948437213898,1100,0.0,0.0
2005-06-22,0.19004948437213898,0.19004948437213898,0.19004948437213898,0.19004948437213898,0,0.0,0.0
2005-06-23,0.19004948437213898,0.19004948437213898,0.19004948437213898,0.19004948437213898,0,0.0,0.0
2005-06-24,0.21380569338798522,0.23756188154220578,0.21380569338798522,0.2375618815422058,20000,0.0,0.0
2005-06-27,0.23756187218594724,0.3088304102420807,0.23756187218594724,0.3088304102420807,3867,0.0,0.0
2005-06-28,0.23756188154220578,0.23756188154220578,0.23756188154220578,0.2375618815422058,67,0.0,0.0
2005-06-29,0.23756188154220578,0.23756188154220578,0.23756188154220578,0.2375618815422058,33,0.0,0.0
2005-06-30,0.23756188154220578,0.23756188154220578,0.23756188154220578,0.2375618815422058,10333,0.0,0.0
2005-07-01,0.23756188154220578,0.23756188154220578,0.23756188154220578,0.2375618815422058,5333,0.0,0.0
2005-07-05,0.23756188154220578,0.23756188154220578,0.23756188154220578,0.2375618815422058,0,0.0,0.0
2005-07-06,0.23756188154220578,0.23756188154220578,0.23756188154220578,0.2375618815422058,0,0.0,0.0
2005-07-07,0.23756188154220578,0.23756188154220578,0.23756188154220578,0.2375618815422058,0,0.0,0.0
2005-07-08,0.23756188154220578,0.23756188154220578,0.23756188154220578,0.2375618815422058,0,0.0,0.0
2005-07-11,0.23756188154220578,0.23756188154220578,0.23756188154220578,0.2375618815422058,0,0.0,0.0
2005-07-12,0.23756188154220578,0.23756188154220578,0.23756188154220578,0.2375618815422058,0,0.0,0.0
2005-07-13,0.23756188154220578,0.23756188154220578,0.23756188154220578,0.2375618815422058,0,0.0,0.0
2005-07-14,0.23756188154220578,0.23756188154220578,0.23756188154220578,0.2375618815422058,1000,0.0,0.0
2005-07-15,0.23756188154220578,0.23756188154220578,0.23756188154220578,0.2375618815422058,0,0.0,0.0
2005-07-18,0.23756188154220578,0.23756188154220578,0.23756188154220578,0.2375618815422058,0,0.0,0.0
2005-07-19,0.23756188154220578,0.23756188154220578,0.23756188154220578,0.2375618815422058,67,0.0,0.0
2005-07-20,0.23756188154220578,0.23756188154220578,0.23756188154220578,0.2375618815422058,20000,0.0,0.0
2005-07-21,0.23756188154220578,0.23756188154220578,0.23756188154220578,0.2375618815422058,1067,0.0,0.0
2005-07-22,0.23756188154220578,0.23756188154220578,0.23756188154220578,0.2375618815422058,0,0.0,0.0
2005-07-25,0.23756188154220578,0.23756188154220578,0.23756188154220578,0.2375618815422058,0,0.0,0.0
2005-07-26,0.23756188154220578,0.23756188154220578,0.23756188154220578,0.2375618815422058,0,0.0,0.0
2005-07-27,0.23756188154220578,0.23756188154220578,0.21380569338798522,0.2375618815422058,43900,0.0,0.0
2005-07-28,0.26131806969642635,0.26131806969642635,0.23756188154220578,0.2375618815422058,2300,0.0,0.0
2005-07-29,0.23756188154220578,0.23756188154220578,0.23756188154220578,0.2375618815422058,0,0.0,0.0
2005-08-01,0.23756188154220578,0.23756188154220578,0.23756188154220578,0.2375618815422058,0,0.0,0.0
2005-08-02,0.23756188154220578,0.23756188154220578,0.23756188154220578,0.2375618815422058,333,0.0,0.0
2005-08-03,0.23756188154220578,0.23756188154220578,0.23756188154220578,0.2375618815422058,0,0.0,0.0
2005-08-04,0.23756188154220578,0.23756188154220578,0.23756188154220578,0.2375618815422058,0,0.0,0.0
2005-08-05,0.26131806969642635,0.26131806969642635,0.23756188154220578,0.2375618815422058,2867,0.0,0.0
2005-08-08,0.26131805777549744,0.26131805777549744,0.26131805777549744,0.26131805777549744,2233,0.0,0.0
2005-08-09,0.26131805777549744,0.26131805777549744,0.26131805777549744,0.26131805777549744,0,0.0,0.0
2005-08-10,0.26131805777549744,0.26131805777549744,0.26131805777549744,0.26131805777549744,12400,0.0,0.0
2005-08-11,0.26131805777549744,0.26131805777549744,0.26131805777549744,0.26131805777549744,5000,0.0,0.0
2005-08-12,0.26131805777549744,0.26131805777549744,0.26131805777549744,0.26131805777549744,0,0.0,0.0
2005-08-15,0.26131805777549744,0.26131805777549744,0.26131805777549744,0.26131805777549744,0,0.0,0.0
2005-08-16,0.26131805777549744,0.26131805777549744,0.26131805777549744,0.26131805777549744,0,0.0,0.0
2005-08-17,0.26131805777549744,0.26131805777549744,0.26131805777549744,0.26131805777549744,167,0.0,0.0
2005-08-18,0.26131805777549744,0.26131805777549744,0.26131805777549744,0.26131805777549744,0,0.0,0.0
2005-08-19,0.26131805777549744,0.26131805777549744,0.26131805777549744,0.26131805777549744,0,0.0,0.0
2005-08-22,0.26131805777549744,0.26131805777549744,0.26131805777549744,0.26131805777549744,0,0.0,0.0
2005-08-23,0.26131805777549744,0.26131805777549744,0.26131805777549744,0.26131805777549744,0,0.0,0.0
2005-08-24,0.26131805777549744,0.26131805777549744,0.26131805777549744,0.26131805777549744,0,0.0,0.0
2005-08-25,0.26131805777549744,0.26131805777549744,0.26131805777549744,0.26131805777549744,0,0.0,0.0
2005-08-26,0.26131805777549744,0.26131805777549744,0.26131805777549744,0.26131805777549744,0,0.0,0.0
2005-08-29,0.26131805777549744,0.26131805777549744,0.26131805777549744,0.26131805777549744,0,0.0,0.0
2005-08-30,0.26131805777549744,0.26131805777549744,0.26131805777549744,0.26131805777549744,0,0.0,0.0
2005-08-31,0.26131805777549744,0.26131805777549744,0.26131805777549744,0.26131805777549744,0,0.0,0.0
2005-09-01,0.26131805777549744,0.26131805777549744,0.26131805777549744,0.26131805777549744,0,0.0,0.0
2005-09-02,0.26131805777549744,0.26131805777549744,0.26131805777549744,0.26131805777549744,0,0.0,0.0
2005-09-06,0.26131805777549744,0.26131805777549744,0.26131805777549744,0.26131805777549744,0,0.0,0.0
2005-09-07,0.26131805777549744,0.26131805777549744,0.26131805777549744,0.26131805777549744,2133,0.0,0.0
2005-09-08,0.26131805777549744,0.26131805777549744,0.26131805777549744,0.26131805777549744,0,0.0,0.0
2005-09-09,0.26131805777549744,0.26131805777549744,0.26131805777549744,0.26131805777549744,0,0.0,0.0
2005-09-12,0.26131805777549744,0.26131805777549744,0.26131805777549744,0.26131805777549744,0,0.0,0.0
2005-09-13,0.26131805777549744,0.26131805777549744,0.26131805777549744,0.26131805777549744,67,0.0,0.0
2005-09-14,0.26131805777549744,0.26131805777549744,0.26131805777549744,0.26131805777549744,0,0.0,0.0
2005-09-15,0.26131805777549744,0.26131805777549744,0.26131805777549744,0.26131805777549744,0,0.0,0.0
2005-09-16,0.26131805777549744,0.26131805777549744,0.26131805777549744,0.26131805777549744,0,0.0,0.0
2005-09-19,0.26131805777549744,0.26131805777549744,0.26131805777549744,0.26131805777549744,0,0.0,0.0
2005-09-20,0.26131805777549744,0.26131805777549744,0.26131805777549744,0.26131805777549744,0,0.0,0.0
2005-09-21,0.26131805777549744,0.26131805777549744,0.26131805777549744,0.26131805777549744,6667,0.0,0.0
2005-09-22,0.26131805777549744,0.26131805777549744,0.26131805777549744,0.26131805777549744,167,0.0,0.0
2005-09-23,0.26131805777549744,0.26131805777549744,0.26131805777549744,0.26131805777549744,0,0.0,0.0
2005-09-26,0.26131805777549744,0.26131805777549744,0.26131805777549744,0.26131805777549744,0,0.0,0.0
2005-09-27,0.26131805777549744,0.26131805777549744,0.26131805777549744,0.26131805777549744,0,0.0,0.0
2005-09-28,0.26131805777549744,0.26131805777549744,0.26131805777549744,0.26131805777549744,0,0.0,0.0
2005-09-29,0.26131805777549744,0.26131805777549744,0.26131805777549744,0.26131805777549744,33,0.0,0.0
2005-09-30,0.26131805777549744,0.26131805777549744,0.26131805777549744,0.26131805777549744,0,0.0,0.0
2005-10-03,0.26131805777549744,0.26131805777549744,0.26131805777549744,0.26131805777549744,0,0.0,0.0
2005-10-04,0.26131805777549744,0.26131805777549744,0.26131805777549744,0.26131805777549744,0,0.0,0.0
2005-10-05,0.26131805777549744,0.26131805777549744,0.26131805777549744,0.26131805777549744,0,0.0,0.0
2005-10-06,0.26131805777549744,0.26131805777549744,0.26131805777549744,0.26131805777549744,33,0.0,0.0
2005-10-07,0.26131805777549744,0.26131805777549744,0.26131805777549744,0.26131805777549744,0,0.0,0.0
2005-10-10,0.26131805777549744,0.26131805777549744,0.26131805777549744,0.26131805777549744,0,0.0,0.0
2005-10-11,0.26131805777549744,0.26131805777549744,0.26131805777549744,0.26131805777549744,267,0.0,0.0
2005-10-12,0.26131805777549744,0.26131805777549744,0.26131805777549744,0.26131805777549744,0,0.0,0.0
2005-10-13,0.26131805777549744,0.26131805777549744,0.26131805777549744,0.26131805777549744,13333,0.0,0.0
2005-10-14,0.26131805777549744,0.26131805777549744,0.26131805777549744,0.26131805777549744,3167,0.0,0.0
2005-10-17,0.26131805777549744,0.26131805777549744,0.26131805777549744,0.26131805777549744,0,0.0,0.0
2005-10-18,0.26131805777549744,0.26131805777549744,0.26131805777549744,0.26131805777549744,0,0.0,0.0
2005-10-19,0.26131805777549744,0.26131805777549744,0.26131805777549744,0.26131805777549744,0,0.0,0.0
2005-10-20,0.26131805777549744,0.26131805777549744,0.26131805777549744,0.26131805777549744,0,0.0,0.0
2005-10-21,0.26131805777549744,0.26131805777549744,0.26131805777549744,0.26131805777549744,0,0.0,0.0
2005-10-24,0.26131806514780087,0.35634279251098633,0.21380568966638255,0.35634279251098633,10267,0.0,0.0
2005-10-25,0.26131805777549744,0.26131805777549744,0.26131805777549744,0.26131805777549744,33,0.0,0.0
2005-10-26,0.26131805777549744,0.26131805777549744,0.26131805777549744,0.26131805777549744,767,0.0,0.0
2005-10-27,0.26131805777549744,0.26131805777549744,0.26131805777549744,0.26131805777549744,0,0.0,0.0
2005-10-28,0.26131805777549744,0.26131805777549744,0.26131805777549744,0.26131805777549744,0,0.0,0.0
2005-10-31,0.26131805777549744,0.26131805777549744,0.26131805777549744,0.26131805777549744,3000,0.0,0.0
2005-11-01,0.26131805777549744,0.26131805777549744,0.26131805777549744,0.26131805777549744,0,0.0,0.0
2005-11-02,0.26131805777549744,0.26131805777549744,0.26131805777549744,0.26131805777549744,367,0.0,0.0
2005-11-03,0.26131805777549744,0.26131805777549744,0.26131805777549744,0.26131805777549744,0,0.0,0.0
2005-11-04,0.26131805777549744,0.26131805777549744,0.26131805777549744,0.26131805777549744,0,0.0,0.0
2005-11-07,0.26131805777549744,0.26131805777549744,0.26131805777549744,0.26131805777549744,133,0.0,0.0
2005-11-08,0.26131805777549744,0.26131805777549744,0.26131805777549744,0.26131805777549744,167,0.0,0.0
2005-11-09,0.26131805777549744,0.26131805777549744,0.26131805777549744,0.26131805777549744,0,0.0,0.0
2005-11-10,0.26131805777549744,0.26131805777549744,0.26131805777549744,0.26131805777549744,0,0.0,0.0
2005-11-11,0.26131805777549744,0.26131805777549744,0.26131805777549744,0.26131805777549744,0,0.0,0.0
2005-11-14,0.26131805777549744,0.26131805777549744,0.26131805777549744,0.26131805777549744,0,0.0,0.0
2005-11-15,0.26131805777549744,0.26131805777549744,0.26131805777549744,0.26131805777549744,0,0.0,0.0
2005-11-16,0.26131805777549744,0.26131805777549744,0.26131805777549744,0.26131805777549744,0,0.0,0.0
2005-11-17,0.26131805777549744,0.26131805777549744,0.26131805777549744,0.26131805777549744,1767,0.0,0.0
2005-11-18,0.26131805777549744,0.26131805777549744,0.26131805777549744,0.26131805777549744,0,0.0,0.0
2005-11-21,0.26131805777549744,0.26131805777549744,0.26131805777549744,0.26131805777549744,25000,0.0,0.0
2005-11-22,0.26131805777549744,0.26131805777549744,0.26131805777549744,0.26131805777549744,11667,0.0,0.0
2005-11-23,0.26131805777549744,0.26131805777549744,0.26131805777549744,0.26131805777549744,10000,0.0,0.0
2005-11-25,0.23756188154220578,0.23756188154220578,0.23756188154220578,0.2375618815422058,6667,0.0,0.0
2005-11-28,0.23756187070499768,0.26131805777549744,0.23756187070499768,0.26131805777549744,1733,0.0,0.0
2005-11-29,0.26131805777549744,0.26131805777549744,0.26131805777549744,0.26131805777549744,0,0.0,0.0
2005-11-30,0.23756187070499768,0.26131805777549744,0.23756187070499768,0.26131805777549744,7000,0.0,0.0
2005-12-01,0.2613180751601855,0.30883042886238526,0.2613180751601855,0.28507426381111145,13333,0.0,0.0
2005-12-02,0.28507426381111145,0.28507426381111145,0.28507426381111145,0.28507426381111145,7000,0.0,0.0
2005-12-05,0.28507426381111145,0.28507426381111145,0.28507426381111145,0.28507426381111145,1867,0.0,0.0
2005-12-06,0.28507426381111145,0.28507426381111145,0.28507426381111145,0.28507426381111145,2467,0.0,0.0
2005-12-07,0.28507426381111145,0.28507426381111145,0.28507426381111145,0.28507426381111145,0,0.0,0.0
2005-12-08,0.28507426381111145,0.28507426381111145,0.28507426381111145,0.28507426381111145,4067,0.0,0.0
2005-12-09,0.28507426381111145,0.28507426381111145,0.28507426381111145,0.28507426381111145,0,0.0,0.0
2005-12-12,0.28507426381111145,0.28507426381111145,0.28507426381111145,0.28507426381111145,0,0.0,0.0
2005-12-13,0.28507426381111145,0.28507426381111145,0.28507426381111145,0.28507426381111145,0,0.0,0.0
2005-12-14,0.28507426381111145,0.28507426381111145,0.28507426381111145,0.28507426381111145,0,0.0,0.0
2005-12-15,0.28507426381111145,0.28507426381111145,0.28507426381111145,0.28507426381111145,100,0.0,0.0
2005-12-16,0.28507426381111145,0.28507426381111145,0.28507426381111145,0.28507426381111145,100,0.0,0.0
2005-12-19,0.28507426381111145,0.28507426381111145,0.28507426381111145,0.28507426381111145,0,0.0,0.0
2005-12-20,0.28507426381111145,0.28507426381111145,0.28507426381111145,0.28507426381111145,0,0.0,0.0
2005-12-21,0.28507426381111145,0.28507426381111145,0.28507426381111145,0.28507426381111145,0,0.0,0.0
2005-12-22,0.28507426381111145,0.28507426381111145,0.28507426381111145,0.28507426381111145,0,0.0,0.0
2005-12-23,0.28507426381111145,0.28507426381111145,0.28507426381111145,0.28507426381111145,0,0.0,0.0
2005-12-27,0.28507426381111145,0.28507426381111145,0.28507426381111145,0.28507426381111145,367,0.0,0.0
2005-12-28,0.28507426381111145,0.28507426381111145,0.28507426381111145,0.28507426381111145,300,0.0,0.0
2005-12-29,0.28507426381111145,0.28507426381111145,0.28507426381111145,0.28507426381111145,100,0.0,0.0
2005-12-30,0.28507426381111145,0.28507426381111145,0.28507426381111145,0.28507426381111145,333,0.0,0.0
2006-01-03,0.28507426381111145,0.28507426381111145,0.28507426381111145,0.28507426381111145,1167,0.0,0.0
2006-01-04,0.28507426381111145,0.28507426381111145,0.28507426381111145,0.28507426381111145,0,0.0,0.0
2006-01-05,0.28507426275201153,0.3563428048403623,0.28507426275201153,0.3325866162776947,16967,0.0,0.0
2006-01-06,0.3088304102420807,0.3088304102420807,0.3088304102420807,0.3088304102420807,1867,0.0,0.0
2006-01-09,0.3325866162776947,0.3325866162776947,0.3325866162776947,0.3325866162776947,2567,0.0,0.0
2006-01-10,0.3325866162776947,0.3325866162776947,0.3325866162776947,0.3325866162776947,0,0.0,0.0
2006-01-11,0.3325866162776947,0.3325866162776947,0.3325866162776947,0.3325866162776947,0,0.0,0.0
2006-01-12,0.3325866162776947,0.3325866162776947,0.3325866162776947,0.3325866162776947,0,0.0,0.0
2006-01-13,0.3325866162776947,0.3325866162776947,0.3325866162776947,0.3325866162776947,0,0.0,0.0
2006-01-17,0.3325866162776947,0.3325866162776947,0.3325866162776947,0.3325866162776947,4100,0.0,0.0
2006-01-18,0.3325866162776947,0.3325866162776947,0.3325866162776947,0.3325866162776947,0,0.0,0.0
2006-01-19,0.3088304102420807,0.3088304102420807,0.3088304102420807,0.3088304102420807,167,0.0,0.0
2006-01-20,0.3088304102420807,0.3088304102420807,0.3088304102420807,0.3088304102420807,0,0.0,0.0
2006-01-23,0.3088304102420807,0.3088304102420807,0.3088304102420807,0.3088304102420807,0,0.0,0.0
2006-01-24,0.3088304102420807,0.3088304102420807,0.3088304102420807,0.3088304102420807,0,0.0,0.0
2006-01-25,0.3088304102420807,0.3088304102420807,0.3088304102420807,0.3088304102420807,0,0.0,0.0
2006-01-26,0.3088304102420807,0.3088304102420807,0.3088304102420807,0.3088304102420807,0,0.0,0.0
2006-01-27,0.3088304102420807,0.3088304102420807,0.3088304102420807,0.3088304102420807,133,0.0,0.0
2006-01-30,0.3088304102420807,0.3088304102420807,0.3088304102420807,0.3088304102420807,0,0.0,0.0
2006-01-31,0.3088304102420807,0.3088304102420807,0.3088304102420807,0.3088304102420807,0,0.0,0.0
2006-02-01,0.3088304102420807,0.3088304102420807,0.3088304102420807,0.3088304102420807,1667,0.0,0.0
2006-02-02,0.3088304102420807,0.3088304102420807,0.3088304102420807,0.3088304102420807,0,0.0,0.0
2006-02-03,0.3088304102420807,0.3088304102420807,0.3088304102420807,0.3088304102420807,0,0.0,0.0
2006-02-06,0.3088304102420807,0.3088304102420807,0.3088304102420807,0.3088304102420807,0,0.0,0.0
2006-02-07,0.3088304102420807,0.3088304102420807,0.3088304102420807,0.3088304102420807,33,0.0,0.0
2006-02-08,0.3088304102420807,0.3088304102420807,0.3088304102420807,0.3088304102420807,0,0.0,0.0
2006-02-09,0.3088304102420807,0.3088304102420807,0.3088304102420807,0.3088304102420807,0,0.0,0.0
2006-02-10,0.47512376308441157,0.47512376308441157,0.47512376308441157,0.4751237630844116,1667,0.0,0.0
2006-02-13,0.47512376308441157,0.47512376308441157,0.47512376308441157,0.4751237630844116,333,0.0,0.0
2006-02-14,0.47512376308441157,0.47512376308441157,0.47512376308441157,0.4751237630844116,0,0.0,0.0
2006-02-15,0.47512376308441157,0.47512376308441157,0.47512376308441157,0.4751237630844116,0,0.0,0.0
2006-02-16,0.3088304102420807,0.3088304102420807,0.3088304102420807,0.3088304102420807,333,0.0,0.0
2006-02-17,0.3088304102420807,0.3088304102420807,0.3088304102420807,0.3088304102420807,0,0.0,0.0
2006-02-21,0.3325866162776947,0.3325866162776947,0.3325866162776947,0.3325866162776947,667,0.0,0.0
2006-02-22,0.3325866162776947,0.3325866162776947,0.3325866162776947,0.3325866162776947,0,0.0,0.0
2006-02-23,0.3325866162776947,0.3325866162776947,0.3325866162776947,0.3325866162776947,67,0.0,0.0
2006-02-24,0.3325866162776947,0.3325866162776947,0.3325866162776947,0.3325866162776947,0,0.0,0.0
2006-02-27,0.3325866162776947,0.3325866162776947,0.3325866162776947,0.3325866162776947,0,0.0,0.0
2006-02-28,0.3325866162776947,0.3325866162776947,0.3325866162776947,0.3325866162776947,0,0.0,0.0
2006-03-01,0.3325866162776947,0.3325866162776947,0.3325866162776947,0.3325866162776947,0,0.0,0.0
2006-03-02,0.3325866162776947,0.3325866162776947,0.3325866162776947,0.3325866162776947,0,0.0,0.0
2006-03-03,0.3325866162776947,0.3325866162776947,0.3325866162776947,0.3325866162776947,0,0.0,0.0
2006-03-06,0.3325866162776947,0.3325866162776947,0.3325866162776947,0.3325866162776947,167,0.0,0.0
2006-03-07,0.3325866162776947,0.3325866162776947,0.3325866162776947,0.3325866162776947,0,0.0,0.0
2006-03-08,0.3325866162776947,0.3325866162776947,0.3325866162776947,0.3325866162776947,0,0.0,0.0
2006-03-09,0.3325866162776947,0.3325866162776947,0.3325866162776947,0.3325866162776947,1667,0.0,0.0
2006-03-10,0.3325866162776947,0.3325866162776947,0.3325866162776947,0.3325866162776947,133,0.0,0.0
2006-03-13,0.3325866162776947,0.3325866162776947,0.3325866162776947,0.3325866162776947,200,0.0,0.0
2006-03-14,0.3325866162776947,0.3325866162776947,0.3325866162776947,0.3325866162776947,0,0.0,0.0
2006-03-15,0.3325866162776947,0.3325866162776947,0.3325866162776947,0.3325866162776947,0,0.0,0.0
2006-03-16,0.3325866162776947,0.3325866162776947,0.3325866162776947,0.3325866162776947,0,0.0,0.0
2006-03-17,0.3325866162776947,0.3325866162776947,0.3325866162776947,0.3325866162776947,0,0.0,0.0
2006-03-20,0.3325866162776947,0.3325866162776947,0.3325866162776947,0.3325866162776947,0,0.0,0.0
2006-03-21,0.3325866162776947,0.3325866162776947,0.3325866162776947,0.3325866162776947,0,0.0,0.0
2006-03-22,0.3325866162776947,0.3325866162776947,0.3325866162776947,0.3325866162776947,2567,0.0,0.0
2006-03-23,0.3325866162776947,0.3325866162776947,0.3325866162776947,0.3325866162776947,0,0.0,0.0
2006-03-24,0.47512376308441157,0.47512376308441157,0.47512376308441157,0.4751237630844116,267,0.0,0.0
2006-03-27,0.47512376308441157,0.47512376308441157,0.47512376308441157,0.4751237630844116,0,0.0,0.0
2006-03-28,0.47512376308441157,0.47512376308441157,0.47512376308441157,0.4751237630844116,0,0.0,0.0
2006-03-29,0.47512376308441157,0.47512376308441157,0.47512376308441157,0.4751237630844116,0,0.0,0.0
2006-03-30,0.47512376308441157,0.47512376308441157,0.47512376308441157,0.4751237630844116,0,0.0,0.0
2006-03-31,0.3325866162776947,0.3325866162776947,0.3325866162776947,0.3325866162776947,800,0.0,0.0
2006-04-03,0.3325866162776947,0.3325866162776947,0.3325866162776947,0.3325866162776947,0,0.0,0.0
2006-04-04,0.3325866162776947,0.3325866162776947,0.3325866162776947,0.3325866162776947,267,0.0,0.0
2006-04-05,0.3325866162776947,0.3325866162776947,0.3325866162776947,0.3325866162776947,333,0.0,0.0
2006-04-06,0.3325866162776947,0.3325866162776947,0.3325866162776947,0.3325866162776947,0,0.0,0.0
2006-04-07,0.3325866162776947,0.3325866162776947,0.3325866162776947,0.3325866162776947,0,0.0,0.0
2006-04-10,0.3325866162776947,0.3325866162776947,0.3325866162776947,0.3325866162776947,0,0.0,0.0
2006-04-11,0.3325866162776947,0.3325866162776947,0.3325866162776947,0.3325866162776947,100,0.0,0.0
2006-04-12,0.3325866162776947,0.3325866162776947,0.3325866162776947,0.3325866162776947,0,0.0,0.0
2006-04-13,0.3325866162776947,0.3325866162776947,0.3325866162776947,0.3325866162776947,133,0.0,0.0
2006-04-17,0.33258661055943645,0.33258661055943645,0.23756188154220578,0.2375618815422058,21667,0.0,0.0
2006-04-18,0.23756188154220578,0.23756188154220578,0.23756188154220578,0.2375618815422058,1667,0.0,0.0
2006-04-19,0.23756188154220578,0.23756188154220578,0.23756188154220578,0.2375618815422058,0,0.0,0.0
2006-04-20,0.23756188154220578,0.23756188154220578,0.23756188154220578,0.2375618815422058,200,0.0,0.0
2006-04-21,0.308830417029568,0.35634279251098633,0.308830417029568,0.35634279251098633,3933,0.0,0.0
2006-04-24,0.35634279251098633,0.35634279251098633,0.35634279251098633,0.35634279251098633,833,0.0,0.0
2006-04-25,0.35634279251098633,0.35634279251098633,0.35634279251098633,0.35634279251098633,0,0.0,0.0
2006-04-26,0.35634279251098633,0.35634279251098633,0.35634279251098633,0.35634279251098633,0,0.0,0.0
2006-04-27,0.35634279251098633,0.35634279251098633,0.35634279251098633,0.35634279251098633,0,0.0,0.0
2006-04-28,0.35634279251098633,0.35634279251098633,0.35634279251098633,0.35634279251098633,0,0.0,0.0
2006-05-01,0.35634279251098633,0.35634279251098633,0.35634279251098633,0.35634279251098633,0,0.0,0.0
2006-05-02,0.35634279251098633,0.35634279251098633,0.35634279251098633,0.35634279251098633,0,0.0,0.0
2006-05-03,0.35634279251098633,0.35634279251098633,0.35634279251098633,0.35634279251098633,0,0.0,0.0
2006-05-04,0.35634279251098633,0.35634279251098633,0.35634279251098633,0.35634279251098633,0,0.0,0.0
2006-05-05,0.35634279251098633,0.35634279251098633,0.35634279251098633,0.35634279251098633,0,0.0,0.0
2006-05-08,0.35634279251098633,0.35634279251098633,0.35634279251098633,0.35634279251098633,67,0.0,0.0
2006-05-09,0.35634279251098633,0.35634279251098633,0.35634279251098633,0.35634279251098633,0,0.0,0.0
2006-05-10,0.35634279251098633,0.35634279251098633,0.35634279251098633,0.35634279251098633,33,0.0,0.0
2006-05-11,0.35634279251098633,0.35634279251098633,0.35634279251098633,0.35634279251098633,0,0.0,0.0
2006-05-12,0.35634279251098633,0.35634279251098633,0.35634279251098633,0.35634279251098633,0,0.0,0.0
2006-05-15,0.35634279251098633,0.35634279251098633,0.35634279251098633,0.35634279251098633,0,0.0,0.0
2006-05-16,0.35634279251098633,0.35634279251098633,0.35634279251098633,0.35634279251098633,67,0.0,0.0
2006-05-17,0.35634279251098633,0.35634279251098633,0.35634279251098633,0.35634279251098633,0,0.0,0.0
2006-05-18,0.35634279251098633,0.35634279251098633,0.35634279251098633,0.35634279251098633,0,0.0,0.0
2006-05-19,0.35634279251098633,0.35634279251098633,0.35634279251098633,0.35634279251098633,0,0.0,0.0
2006-05-22,0.35634279251098633,0.35634279251098633,0.35634279251098633,0.35634279251098633,0,0.0,0.0
2006-05-23,0.35634279251098633,0.35634279251098633,0.35634279251098633,0.35634279251098633,0,0.0,0.0
2006-05-24,0.35634279251098633,0.35634279251098633,0.35634279251098633,0.35634279251098633,0,0.0,0.0
2006-05-25,0.35634279251098633,0.35634279251098633,0.35634279251098633,0.35634279251098633,0,0.0,0.0
2006-05-26,0.40385516939277094,0.427611380815506,0.40385516939277094,0.427611380815506,7833,0.0,0.0
2006-05-30,0.427611380815506,0.427611380815506,0.427611380815506,0.427611380815506,0,0.0,0.0
2006-05-31,0.427611380815506,0.427611380815506,0.427611380815506,0.427611380815506,0,0.0,0.0
2006-06-01,0.427611380815506,0.427611380815506,0.427611380815506,0.427611380815506,0,0.0,0.0
2006-06-02,0.35634279251098633,0.35634279251098633,0.35634279251098633,0.35634279251098633,833,0.0,0.0
2006-06-05,0.35634279251098633,0.35634279251098633,0.35634279251098633,0.35634279251098633,0,0.0,0.0
2006-06-06,0.35634279251098633,0.35634279251098633,0.35634279251098633,0.35634279251098633,0,0.0,0.0
2006-06-07,0.35634279251098633,0.35634279251098633,0.35634279251098633,0.35634279251098633,0,0.0,0.0
2006-06-08,0.35634279251098633,0.35634279251098633,0.35634279251098633,0.35634279251098633,0,0.0,0.0
2006-06-09,0.35634279251098633,0.35634279251098633,0.35634279251098633,0.35634279251098633,0,0.0,0.0
2006-06-12,0.3563427937466036,0.3563427937466036,0.16629330296175998,0.213805690407753,43500,0.0,0.0
2006-06-13,0.213805690407753,0.213805690407753,0.213805690407753,0.213805690407753,0,0.0,0.0
2006-06-14,0.213805690407753,0.213805690407753,0.213805690407753,0.213805690407753,0,0.0,0.0
2006-06-15,0.213805690407753,0.213805690407753,0.213805690407753,0.213805690407753,0,0.0,0.0
2006-06-16,0.213805690407753,0.213805690407753,0.213805690407753,0.213805690407753,0,0.0,0.0
2006-06-19,0.23756188154220578,0.23756188154220578,0.23756188154220578,0.2375618815422058,2333,0.0,0.0
2006-06-20,0.23756188154220578,0.23756188154220578,0.23756188154220578,0.2375618815422058,0,0.0,0.0
2006-06-21,0.23756188154220578,0.23756188154220578,0.23756188154220578,0.2375618815422058,100,0.0,0.0
2006-06-22,0.23756188154220578,0.23756188154220578,0.23756188154220578,0.2375618815422058,167,0.0,0.0
2006-06-23,0.23756188154220578,0.23756188154220578,0.23756188154220578,0.2375618815422058,0,0.0,0.0
2006-06-26,0.23756188154220578,0.23756188154220578,0.23756188154220578,0.2375618815422058,0,0.0,0.0
2006-06-27,0.23756188154220578,0.23756188154220578,0.23756188154220578,0.2375618815422058,0,0.0,0.0
2006-06-28,0.23756188154220578,0.23756188154220578,0.23756188154220578,0.2375618815422058,0,0.0,0.0
2006-06-29,0.23756188154220578,0.23756188154220578,0.23756188154220578,0.2375618815422058,67,0.0,0.0
2006-06-30,0.23756188154220578,0.23756188154220578,0.23756188154220578,0.2375618815422058,0,0.0,0.0
2006-07-03,0.23756188154220578,0.23756188154220578,0.23756188154220578,0.2375618815422058,0,0.0,0.0
2006-07-05,0.23756188154220578,0.23756188154220578,0.23756188154220578,0.2375618815422058,0,0.0,0.0
2006-07-06,0.40385517477989197,0.40385517477989197,0.40385517477989197,0.40385517477989197,3333,0.0,0.0
2006-07-07,0.40385517477989197,0.40385517477989197,0.40385517477989197,0.40385517477989197,0,0.0,0.0
2006-07-10,0.40385517477989197,0.40385517477989197,0.40385517477989197,0.40385517477989197,0,0.0,0.0
2006-07-11,0.40385517477989197,0.40385517477989197,0.40385517477989197,0.40385517477989197,0,0.0,0.0
2006-07-12,0.40385517477989197,0.40385517477989197,0.40385517477989197,0.40385517477989197,0,0.0,0.0
2006-07-13,0.23756188154220578,0.23756188154220578,0.23756188154220578,0.2375618815422058,67,0.0,0.0
2006-07-14,0.23756188154220578,0.23756188154220578,0.23756188154220578,0.2375618815422058,0,0.0,0.0
2006-07-17,0.23756188154220578,0.23756188154220578,0.23756188154220578,0.2375618815422058,0,0.0,0.0
2006-07-18,0.23756188154220578,0.23756188154220578,0.23756188154220578,0.2375618815422058,0,0.0,0.0
2006-07-19,0.23756188154220578,0.23756188154220578,0.23756188154220578,0.2375618815422058,333,0.0,0.0
2006-07-20,0.23756188154220578,0.23756188154220578,0.23756188154220578,0.2375618815422058,0,0.0,0.0
2006-07-21,0.23756188154220578,0.23756188154220578,0.23756188154220578,0.2375618815422058,33,0.0,0.0
2006-07-24,0.23756187070499768,0.26131805777549744,0.23756187070499768,0.26131805777549744,733,0.0,0.0
2006-07-25,0.26131805777549744,0.26131805777549744,0.26131805777549744,0.26131805777549744,0,0.0,0.0
2006-07-26,0.26131805777549744,0.26131805777549744,0.26131805777549744,0.26131805777549744,0,0.0,0.0
2006-07-27,0.26131805777549744,0.26131805777549744,0.26131805777549744,0.26131805777549744,0,0.0,0.0
2006-07-28,0.23756188562667627,0.3325866162776947,0.23756188562667627,0.3325866162776947,2967,0.0,0.0
2006-07-31,0.3325866162776947,0.3325866162776947,0.3325866162776947,0.3325866162776947,0,0.0,0.0
2006-08-01,0.28507426381111145,0.30883042886238526,0.28507426381111145,0.28507426381111145,15667,0.0,0.0
2006-08-02,0.28507426381111145,0.28507426381111145,0.28507426381111145,0.28507426381111145,0,0.0,0.0
2006-08-03,0.28507426381111145,0.28507426381111145,0.28507426381111145,0.28507426381111145,167,0.0,0.0
2006-08-04,0.28507426381111145,0.28507426381111145,0.28507426381111145,0.28507426381111145,1000,0.0,0.0
2006-08-07,0.28507426381111145,0.28507426381111145,0.28507426381111145,0.28507426381111145,3500,0.0,0.0
2006-08-08,0.28507426381111145,0.28507426381111145,0.28507426381111145,0.28507426381111145,0,0.0,0.0
2006-08-09,0.28507426381111145,0.28507426381111145,0.28507426381111145,0.28507426381111145,333,0.0,0.0
2006-08-10,0.28507426381111145,0.28507426381111145,0.28507426381111145,0.28507426381111145,0,0.0,0.0
2006-08-11,0.28507426381111145,0.28507426381111145,0.28507426381111145,0.28507426381111145,0,0.0,0.0
2006-08-14,0.28507426381111145,0.28507426381111145,0.28507426381111145,0.28507426381111145,0,0.0,0.0
2006-08-15,0.28507426381111145,0.28507426381111145,0.28507426381111145,0.28507426381111145,0,0.0,0.0
2006-08-16,0.28507426381111145,0.28507426381111145,0.28507426381111145,0.28507426381111145,167,0.0,0.0
2006-08-17,0.28507426381111145,0.28507426381111145,0.28507426381111145,0.28507426381111145,0,0.0,0.0
2006-08-18,0.28507426381111145,0.28507426381111145,0.28507426381111145,0.28507426381111145,0,0.0,0.0
2006-08-21,0.28507426381111145,0.28507426381111145,0.28507426381111145,0.28507426381111145,0,0.0,0.0
2006-08-22,0.28507426381111145,0.28507426381111145,0.28507426381111145,0.28507426381111145,33,0.0,0.0
2006-08-23,0.28507426381111145,0.28507426381111145,0.28507426381111145,0.28507426381111145,0,0.0,0.0
2006-08-24,0.28507426381111145,0.28507426381111145,0.28507426381111145,0.28507426381111145,0,0.0,0.0
2006-08-25,0.28507426381111145,0.28507426381111145,0.28507426381111145,0.28507426381111145,0,0.0,0.0
2006-08-28,0.28507426381111145,0.28507426381111145,0.28507426381111145,0.28507426381111145,0,0.0,0.0
2006-08-29,0.28507426381111145,0.28507426381111145,0.28507426381111145,0.28507426381111145,0,0.0,0.0
2006-08-30,0.28507426381111145,0.28507426381111145,0.28507426381111145,0.28507426381111145,0,0.0,0.0
2006-08-31,0.28507426381111145,0.28507426381111145,0.28507426381111145,0.28507426381111145,0,0.0,0.0
2006-09-01,0.28507426381111145,0.28507426381111145,0.28507426381111145,0.28507426381111145,0,0.0,0.0
2006-09-05,0.28507426381111145,0.28507426381111145,0.28507426381111145,0.28507426381111145,67,0.0,0.0
2006-09-06,0.28507426381111145,0.28507426381111145,0.28507426381111145,0.28507426381111145,0,0.0,0.0
2006-09-07,0.28507426381111145,0.28507426381111145,0.28507426381111145,0.28507426381111145,1667,0.0,0.0
2006-09-08,0.28507426381111145,0.28507426381111145,0.28507426381111145,0.28507426381111145,0,0.0,0.0
2006-09-11,0.28507426381111145,0.28507426381111145,0.28507426381111145,0.28507426381111145,0,0.0,0.0
2006-09-12,0.28507426381111145,0.28507426381111145,0.28507426381111145,0.28507426381111145,0,0.0,0.0
2006-09-13,0.28507426381111145,0.28507426381111145,0.28507426381111145,0.28507426381111145,0,0.0,0.0
2006-09-14,0.28507426381111145,0.28507426381111145,0.28507426381111145,0.28507426381111145,0,0.0,0.0
2006-09-15,0.28507426381111145,0.28507426381111145,0.28507426381111145,0.28507426381111145,0,0.0,0.0
2006-09-18,0.28507426381111145,0.28507426381111145,0.28507426381111145,0.28507426381111145,0,0.0,0.0
2006-09-19,0.28507426381111145,0.28507426381111145,0.28507426381111145,0.28507426381111145,233,0.0,0.0
2006-09-20,0.28507426381111145,0.28507426381111145,0.28507426381111145,0.28507426381111145,1200,0.0,0.0
2006-09-21,0.28507426381111145,0.28507426381111145,0.28507426381111145,0.28507426381111145,0,0.0,0.0
2006-09-22,0.28507426381111145,0.28507426381111145,0.28507426381111145,0.28507426381111145,0,0.0,0.0
2006-09-25,0.28507426381111145,0.28507426381111145,0.28507426381111145,0.28507426381111145,0,0.0,0.0
2006-09-26,0.28507426381111145,0.28507426381111145,0.28507426381111145,0.28507426381111145,0,0.0,0.0
2006-09-27,0.28507426381111145,0.28507426381111145,0.28507426381111145,0.28507426381111145,0,0.0,0.0
2006-09-28,0.28507426381111145,0.28507426381111145,0.28507426381111145,0.28507426381111145,0,0.0,0.0
2006-09-29,0.28507426381111145,0.28507426381111145,0.28507426381111145,0.28507426381111145,0,0.0,0.0
2006-10-02,0.28507426381111145,0.28507426381111145,0.28507426381111145,0.28507426381111145,0,0.0,0.0
2006-10-03,0.28507426381111145,0.28507426381111145,0.28507426381111145,0.28507426381111145,0,0.0,0.0
2006-10-04,0.28507426381111145,0.28507426381111145,0.28507426381111145,0.28507426381111145,0,0.0,0.0
2006-10-05,0.28507426381111145,0.28507426381111145,0.28507426381111145,0.28507426381111145,1333,0.0,0.0
2006-10-06,0.28507426381111145,0.28507426381111145,0.28507426381111145,0.28507426381111145,0,0.0,0.0
2006-10-09,0.28507426381111145,0.28507426381111145,0.28507426381111145,0.28507426381111145,0,0.0,0.0
2006-10-10,0.28507426381111145,0.28507426381111145,0.28507426381111145,0.28507426381111145,1667,0.0,0.0
2006-10-11,0.28507426381111145,0.28507426381111145,0.28507426381111145,0.28507426381111145,0,0.0,0.0
2006-10-12,0.28507426381111145,0.28507426381111145,0.28507426381111145,0.28507426381111145,1667,0.0,0.0
2006-10-13,0.28507426381111145,0.28507426381111145,0.28507426381111145,0.28507426381111145,0,0.0,0.0
2006-10-16,0.3325866162776947,0.3325866162776947,0.3325866162776947,0.3325866162776947,333,0.0,0.0
2006-10-17,0.3325866162776947,0.3325866162776947,0.3325866162776947,0.3325866162776947,0,0.0,0.0
2006-10-18,0.3325866162776947,0.3325866162776947,0.3325866162776947,0.3325866162776947,0,0.0,0.0
2006-10-19,0.28507426381111145,0.28507426381111145,0.28507426381111145,0.28507426381111145,1667,0.0,0.0
2006-10-20,0.28507426381111145,0.28507426381111145,0.28507426381111145,0.28507426381111145,333,0.0,0.0
2006-10-23,0.28507426381111145,0.28507426381111145,0.28507426381111145,0.28507426381111145,0,0.0,0.0
2006-10-24,0.28507426381111145,0.28507426381111145,0.28507426381111145,0.28507426381111145,0,0.0,0.0
2006-10-25,0.28507426381111145,0.28507426381111145,0.28507426381111145,0.28507426381111145,0,0.0,0.0
2006-10-26,0.3325866162776947,0.3325866162776947,0.3325866162776947,0.3325866162776947,1667,0.0,0.0
2006-10-27,0.28507426381111145,0.28507426381111145,0.28507426381111145,0.28507426381111145,33,0.0,0.0
2006-10-30,0.3800989866399188,0.40385517477989197,0.3800989866399188,0.40385517477989197,6900,0.0,0.0
2006-10-31,0.40385517477989197,0.40385517477989197,0.40385517477989197,0.40385517477989197,0,0.0,0.0
2006-11-01,0.40385517477989197,0.40385517477989197,0.40385517477989197,0.40385517477989197,0,0.0,0.0
2006-11-02,0.40385517477989197,0.40385517477989197,0.40385517477989197,0.40385517477989197,0,0.0,0.0
2006-11-03,0.40385517477989197,0.40385517477989197,0.40385517477989197,0.40385517477989197,0,0.0,0.0
2006-11-06,0.40385517477989197,0.40385517477989197,0.40385517477989197,0.40385517477989197,833,0.0,0.0
2006-11-07,0.40385517477989197,0.40385517477989197,0.40385517477989197,0.40385517477989197,0,0.0,0.0
2006-11-08,0.40385517477989197,0.40385517477989197,0.40385517477989197,0.40385517477989197,1333,0.0,0.0
2006-11-09,0.40385517477989197,0.40385517477989197,0.40385517477989197,0.40385517477989197,0,0.0,0.0
2006-11-10,0.40385517477989197,0.40385517477989197,0.40385517477989197,0.40385517477989197,0,0.0,0.0
2006-11-13,0.40385517477989197,0.40385517477989197,0.40385517477989197,0.40385517477989197,0,0.0,0.0
2006-11-14,0.40385517477989197,0.40385517477989197,0.40385517477989197,0.40385517477989197,0,0.0,0.0
2006-11-15,0.40385517477989197,0.40385517477989197,0.40385517477989197,0.40385517477989197,333,0.0,0.0
2006-11-16,0.40385517477989197,0.40385517477989197,0.40385517477989197,0.40385517477989197,0,0.0,0.0
2006-11-17,0.40385517477989197,0.40385517477989197,0.40385517477989197,0.40385517477989197,0,0.0,0.0
2006-11-20,0.40385517477989197,0.40385517477989197,0.40385517477989197,0.40385517477989197,167,0.0,0.0
2006-11-21,0.40385517477989197,0.40385517477989197,0.40385517477989197,0.40385517477989197,0,0.0,0.0
2006-11-22,0.40385517477989197,0.40385517477989197,0.40385517477989197,0.40385517477989197,0,0.0,0.0
2006-11-24,0.47512376308441157,0.47512376308441157,0.47512376308441157,0.4751237630844116,500,0.0,0.0
2006-11-27,0.47512376308441157,0.47512376308441157,0.47512376308441157,0.4751237630844116,3333,0.0,0.0
2006-11-28,0.47512371043855717,0.5939046144485474,0.47512371043855717,0.5939046144485474,3433,0.0,0.0
2006-11-29,0.5939046144485474,0.5939046144485474,0.5939046144485474,0.5939046144485474,0,0.0,0.0
2006-11-30,0.40385517477989197,0.40385517477989197,0.40385517477989197,0.40385517477989197,67,0.0,0.0
2006-12-01,0.47512376308441157,0.47512376308441157,0.47512376308441157,0.4751237630844116,1000,0.0,0.0
2006-12-04,0.47512376308441157,0.47512376308441157,0.47512376308441157,0.4751237630844116,67,0.0,0.0
2006-12-05,0.4751237627994631,0.4751237627994631,0.40385517477989197,0.40385517477989197,7100,0.0,0.0
2006-12-06,0.40385517477989197,0.40385517477989197,0.40385517477989197,0.40385517477989197,0,0.0,0.0
2006-12-07,0.427611380815506,0.427611380815506,0.427611380815506,0.427611380815506,3333,0.0,0.0
2006-12-08,0.427611380815506,0.427611380815506,0.427611380815506,0.427611380815506,0,0.0,0.0
2006-12-11,0.47512376308441157,0.47512376308441157,0.47512376308441157,0.4751237630844116,3333,0.0,0.0
2006-12-12,0.47512376308441157,0.47512376308441157,0.47512376308441157,0.4751237630844116,6667,0.0,0.0
2006-12-13,0.47512376308441157,0.47512376308441157,0.47512376308441157,0.4751237630844116,0,0.0,0.0
2006-12-14,0.47512376308441157,0.47512376308441157,0.47512376308441157,0.4751237630844116,400,0.0,0.0
2006-12-15,0.47512376308441157,0.47512376308441157,0.47512376308441157,0.4751237630844116,1700,0.0,0.0
2006-12-18,0.47512376308441157,0.47512376308441157,0.47512376308441157,0.4751237630844116,0,0.0,0.0
2006-12-19,0.47512376308441157,0.5939046802558628,0.47512376308441157,0.4751237630844116,2200,0.0,0.0
2006-12-20,0.5939046144485474,0.5939046144485474,0.5939046144485474,0.5939046144485474,1667,0.0,0.0
2006-12-21,0.5939046144485474,0.5939046144485474,0.5939046144485474,0.5939046144485474,0,0.0,0.0
2006-12-22,0.5939046144485474,0.5939046144485474,0.5939046144485474,0.5939046144485474,0,0.0,0.0
2006-12-26,0.5939046144485474,0.5939046144485474,0.5939046144485474,0.5939046144485474,0,0.0,0.0
2006-12-27,0.5939046144485474,0.5939046144485474,0.5939046144485474,0.5939046144485474,0,0.0,0.0
2006-12-28,0.498879872360836,0.5939046144485474,0.498879872360836,0.5939046144485474,3300,0.0,0.0
2006-12-29,0.49887988861780463,0.7126855416827781,0.49887988861780463,0.6889293789863586,2900,0.0,0.0
2007-01-03,0.6889293789863586,0.6889293789863586,0.6889293789863586,0.6889293789863586,0,0.0,0.0
2007-01-04,0.6889293789863586,0.6889293789863586,0.6889293789863586,0.6889293789863586,0,0.0,0.0
2007-01-05,0.593904652436855,0.6414170265197754,0.593904652436855,0.6414170265197754,133,0.0,0.0
2007-01-08,0.593904652436855,0.6414170265197754,0.593904652436855,0.6414170265197754,600,0.0,0.0
2007-01-09,0.6414170265197754,0.6414170265197754,0.6414170265197754,0.6414170265197754,0,0.0,0.0
2007-01-10,0.5939046144485474,0.5939046144485474,0.5939046144485474,0.5939046144485474,133,0.0,0.0
2007-01-11,0.5939046144485474,0.5939046144485474,0.5939046144485474,0.5939046144485474,1400,0.0,0.0
2007-01-12,0.5939046144485474,0.5939046144485474,0.5939046144485474,0.5939046144485474,0,0.0,0.0
2007-01-16,0.593904652436855,0.6414170265197754,0.593904652436855,0.6414170265197754,2400,0.0,0.0
2007-01-17,0.6414170265197754,0.6414170265197754,0.6414170265197754,0.6414170265197754,0,0.0,0.0
2007-01-18,0.7126855850219727,0.7126855850219727,0.7126855850219727,0.7126855850219727,4500,0.0,0.0
2007-01-19,0.8314664959907532,1.9004950098050437,0.7126855814775891,1.6629329919815063,240200,0.0,0.0
2007-01-22,2.3993746362538286,2.3993746362538286,1.7817138556258603,2.019275665283203,59967,0.0,0.0
2007-01-23,2.2568376064300537,2.3993747760479405,2.138056789079485,2.2568376064300537,53800,0.0,0.0
2007-01-24,2.2568374593856033,2.61318026581417,2.1380566497742093,2.3756184577941895,25500,0.0,0.0
2007-01-25,2.613180370718343,2.9695231914520264,2.399374716037573,2.9695231914520264,16667,0.0,0.0
2007-01-26,2.9695233348221253,3.3258659839630127,2.9695233348221253,3.3258659839630127,13467,0.0,0.0
2007-01-29,4.727480597452419,4.727480597452419,3.5634277112517205,4.038551330566406,23933,0.0,0.0
2007-01-30,4.157332468032837,4.157332468032837,2.613180370718343,2.9695231914520264,5467,0.0,0.0
2007-01-31,3.5634279296721454,3.5634279296721454,2.9695232747267877,3.088304281234741,7167,0.0,0.0
2007-02-01,3.0883045097505075,3.0883045097505075,2.613180637359619,2.613180637359619,10100,0.0,0.0
2007-02-02,2.613180637359619,2.7319616526566457,2.3756187955627843,2.613180637359619,24000,0.0,0.0
2007-02-05,2.8744985399482172,3.088304194628987,2.850742188275065,2.9695231914520264,10100,0.0,0.0
2007-02-06,2.8507423298826358,2.9695233389599163,2.636936664581299,2.636936664581299,1567,0.0,0.0
2007-02-07,2.945767174903902,2.945767174903902,2.4943996802452135,2.636936664581299,6500,0.0,0.0
2007-02-08,2.613180637359619,2.8507424791564535,2.3756187955627843,2.613180637359619,22000,0.0,0.0
2007-02-09,2.613180637359619,2.613180637359619,2.613180637359619,2.613180637359619,0,0.0,0.0
2007-02-12,2.3756187955627843,2.613180637359619,2.3756187955627843,2.613180637359619,10200,0.0,0.0
2007-02-13,2.613180637359619,2.613180637359619,2.4943998108598113,2.613180637359619,5667,0.0,0.0
2007-02-14,2.6606926528722674,2.6606926528722674,2.494399515465473,2.5419118404388428,7367,0.0,0.0
2007-02-15,2.5419121414597345,2.613180637359619,2.5419121414597345,2.613180637359619,3500,0.0,0.0
2007-02-16,2.613180370718343,3.397134500813566,2.613180370718343,2.9695231914520264,25667,0.0,0.0
2007-02-20,3.3971345960798924,3.3971345960798924,3.088304281234741,3.088304281234741,3267,0.0,0.0
2007-02-21,3.3258657557663676,3.563427757290133,3.207085132598877,3.207085132598877,1767,0.0,0.0
2007-02-22,3.397134780883789,3.397134780883789,3.397134780883789,3.397134780883789,233,0.0,0.0
2007-02-23,3.2308411718847005,3.2308411718847005,2.9695231914520264,2.9695231914520264,6733,0.0,0.0
2007-02-26,2.7319615242282036,2.8507423451441714,2.6844491958618164,2.6844491958618164,4667,0.0,0.0
2007-02-27,2.613180370718343,2.9695231914520264,2.613180370718343,2.9695231914520264,1367,0.0,0.0
2007-02-28,2.969523316265558,2.969523316265558,2.731961488723755,2.731961488723755,5700,0.0,0.0
2007-03-01,2.9695231914520264,3.278353497636605,2.9695231914520264,2.9695231914520264,2400,0.0,0.0
2007-03-02,3.040791842013564,3.040791842013564,2.8507423400878906,2.8507423400878906,767,0.0,0.0
2007-03-05,2.731961488723755,3.0407918078889367,2.731961488723755,2.731961488723755,1000,0.0,0.0
2007-03-06,2.7082053248492954,2.731961488723755,2.7082053248492954,2.731961488723755,6167,0.0,0.0
2007-03-07,2.850742130313228,3.207085132598877,2.850742130313228,3.207085132598877,1667,0.0,0.0
2007-03-08,2.7319613183485414,3.207085132598877,2.7319613183485414,3.207085132598877,267,0.0,0.0
2007-03-09,3.088304281234741,3.088304281234741,3.088304281234741,3.088304281234741,500,0.0,0.0
2007-03-12,3.088304131836994,3.207085132598877,3.088304131836994,3.207085132598877,167,0.0,0.0
2007-03-13,3.2070851978059483,3.2070851978059483,2.9695231914520264,2.9695231914520264,1167,0.0,0.0
2007-03-14,2.731961519382601,2.8507423400878906,2.731961519382601,2.8507423400878906,5233,0.0,0.0
2007-03-15,2.8507423400878906,2.96952334959039,2.660692838162217,2.8507423400878906,4633,0.0,0.0
2007-03-16,2.8507423400878906,2.8507423400878906,2.8507423400878906,2.8507423400878906,6333,0.0,0.0
2007-03-19,2.9695231914520264,2.9695231914520264,2.9695231914520264,2.9695231914520264,667,0.0,0.0
2007-03-20,3.325866000503469,3.325866000503469,2.8507423400878906,2.8507423400878906,767,0.0,0.0
2007-03-21,2.8507423400878906,2.8507423400878906,2.8507423400878906,2.8507423400878906,33,0.0,0.0
2007-03-22,2.9695231914520264,2.9695231914520264,2.9695231914520264,2.9695231914520264,67,0.0,0.0
2007-03-23,2.96952334959039,2.96952334959039,2.8507423400878906,2.8507423400878906,5900,0.0,0.0
2007-03-26,3.088304281234741,3.088304281234741,3.088304281234741,3.088304281234741,667,0.0,0.0
2007-03-27,3.088304281234741,3.088304281234741,3.088304281234741,3.088304281234741,1667,0.0,0.0
2007-03-28,2.850742268218834,3.1595727718611903,2.850742268218834,3.088304281234741,533,0.0,0.0
2007-03-29,3.088304281234741,3.088304281234741,3.088304281234741,3.088304281234741,2633,0.0,0.0
2007-03-30,2.850742188275065,2.9695231914520264,2.850742188275065,2.9695231914520264,4033,0.0,0.0
2007-04-02,2.9695231914520264,2.9695231914520264,2.9695231914520264,2.9695231914520264,500,0.0,0.0
2007-04-03,3.1595726013183594,3.1595726013183594,3.1595726013183594,3.1595726013183594,67,0.0,0.0
2007-04-04,3.088304194628987,3.088304194628987,2.9695231914520264,2.9695231914520264,200,0.0,0.0
2007-04-05,2.9695232747267877,3.088304281234741,2.850742268218834,3.088304281234741,1033,0.0,0.0
2007-04-09,3.1595727718611903,3.1595727718611903,2.9695232747267877,3.088304281234741,7667,0.0,0.0
2007-04-10,3.088304281234741,3.088304281234741,3.088304281234741,3.088304281234741,667,0.0,0.0
2007-04-11,3.207085287742695,3.444646923164192,3.088304281234741,3.088304281234741,5767,0.0,0.0
2007-04-12,3.112060546875,3.112060546875,3.088304382553476,3.112060546875,2667,0.0,0.0
2007-04-13,3.1358167111965236,3.1358167111965236,3.112060546875,3.112060546875,400,0.0,0.0
2007-04-16,3.1120605808195254,3.4446470737457275,3.1120605808195254,3.4446470737457275,900,0.0,0.0
2007-04-17,3.563428085446151,3.563428085446151,3.4446470737457275,3.4446470737457275,367,0.0,0.0
2007-04-18,3.4446470737457275,3.4446470737457275,3.4446470737457275,3.4446470737457275,133,0.0,0.0
2007-04-19,3.4446470737457275,3.4446470737457275,3.4446470737457275,3.4446470737457275,0,0.0,0.0
2007-04-20,3.5634279251098633,4.038551572938963,3.5634279251098633,3.5634279251098633,2300,0.0,0.0
2007-04-23,3.8009900239396455,3.8009900239396455,3.682209014892578,3.682209014892578,400,0.0,0.0
2007-04-24,3.4446470737457275,3.4446470737457275,3.4446470737457275,3.4446470737457275,833,0.0,0.0
2007-04-25,3.349622249603272,3.349622249603272,3.349622249603272,3.3496222496032715,500,0.0,0.0
2007-04-26,3.563428085446151,3.563428085446151,3.349622415423159,3.4446470737457275,2000,0.0,0.0
2007-04-27,3.4446470737457275,3.4446470737457275,3.4446470737457275,3.4446470737457275,0,0.0,0.0
2007-04-30,3.4446470737457275,3.4446470737457275,3.4446470737457275,3.4446470737457275,67,0.0,0.0
2007-05-01,3.4446470737457275,3.4446470737457275,3.4446470737457275,3.4446470737457275,0,0.0,0.0
2007-05-02,3.4446470737457275,3.4446470737457275,3.4446470737457275,3.4446470737457275,0,0.0,0.0
2007-05-03,3.4446470737457275,3.4446470737457275,3.4446470737457275,3.4446470737457275,0,0.0,0.0
2007-05-04,3.349622336783134,3.349622336783134,3.3258659839630127,3.3258659839630127,367,0.0,0.0
2007-05-07,3.13581657409668,3.13581657409668,3.13581657409668,3.1358165740966797,5233,0.0,0.0
2007-05-08,3.135816671779718,3.3258659839630127,3.135816671779718,3.3258659839630127,1767,0.0,0.0
2007-05-09,3.13581657409668,3.13581657409668,3.13581657409668,3.1358165740966797,333,0.0,0.0
2007-05-10,3.135816671779718,3.3258659839630127,2.9695233348221253,3.3258659839630127,2633,0.0,0.0
2007-05-11,2.9695231144421723,3.1595726013183594,2.9695231144421723,3.1595726013183594,15333,0.0,0.0
2007-05-14,3.1595726013183594,3.1595726013183594,3.1595726013183594,3.1595726013183594,833,0.0,0.0
2007-05-15,3.1595726013183594,3.1595726013183594,3.1595726013183594,3.1595726013183594,0,0.0,0.0
2007-05-16,3.088304114538737,3.325865737137477,3.088304114538737,3.1595726013183594,633,0.0,0.0
2007-05-17,3.207085132598877,3.207085132598877,3.207085132598877,3.207085132598877,667,0.0,0.0
2007-05-18,3.207085132598877,3.207085132598877,3.207085132598877,3.207085132598877,0,0.0,0.0
2007-05-21,3.3258657557663676,3.3258657557663676,3.207085132598877,3.207085132598877,1500,0.0,0.0
2007-05-22,2.6606927710844315,3.207085287742695,2.6606927710844315,3.088304281234741,6567,0.0,0.0
2007-05-23,2.9695231914520264,3.088304194628987,2.9695231914520264,2.9695231914520264,1233,0.0,0.0
2007-05-24,3.0407917499542236,3.088304265595118,3.0407917499542236,3.0407917499542236,800,0.0,0.0
2007-05-25,3.0407917499542236,3.0407917499542236,3.0407917499542236,3.0407917499542236,0,0.0,0.0
2007-05-29,3.017035722732544,3.017035722732544,3.017035722732544,3.017035722732544,267,0.0,0.0
2007-05-30,3.017035722732544,3.017035722732544,3.017035722732544,3.017035722732544,0,0.0,0.0
2007-05-31,3.088304281234741,3.088304281234741,3.088304281234741,3.088304281234741,700,0.0,0.0
2007-06-01,3.3258659839630127,3.3258659839630127,3.0883043437338937,3.3258659839630127,7033,0.0,0.0
2007-06-04,3.3258659839630127,3.3258659839630127,3.3258659839630127,3.3258659839630127,0,0.0,0.0
2007-06-05,3.3021100087373103,3.3258659839630127,3.3021100087373103,3.3258659839630127,400,0.0,0.0
2007-06-06,3.3258659839630127,3.3258659839630127,3.3258659839630127,3.3258659839630127,0,0.0,0.0
2007-06-07,3.3021099567413335,3.3021099567413335,3.3021099567413335,3.302109956741333,333,0.0,0.0
2007-06-08,3.3021099419112936,3.3258659166562383,3.088304281234741,3.088304281234741,2167,0.0,0.0
2007-06-11,3.3258659315929675,3.3258659315929675,3.207085302145971,3.302109956741333,3500,0.0,0.0
2007-06-12,3.3021099567413335,3.3021099567413335,3.3021099567413335,3.302109956741333,167,0.0,0.0
2007-06-13,3.0883042951045625,3.3021099567413335,3.0883042951045625,3.302109956741333,1300,0.0,0.0
2007-06-14,3.3021097821706262,3.3021097821706262,3.207085132598877,3.207085132598877,1967,0.0,0.0
2007-06-15,3.2070852237430447,3.6584525108337407,3.2070852237430447,3.6584525108337402,2067,0.0,0.0
2007-06-18,3.515915582232785,3.515915582232785,3.0883042633552957,3.3496222496032715,4333,0.0,0.0
2007-06-19,3.3258657557663676,3.3258657557663676,3.207085132598877,3.207085132598877,2500,0.0,0.0
2007-06-20,3.3258657557663676,3.3258657557663676,3.207085132598877,3.207085132598877,4133,0.0,0.0
2007-06-21,3.183328866958618,3.183328866958618,3.183328866958618,3.183328866958618,1333,0.0,0.0
2007-06-22,3.088304131836994,3.3258657557663676,3.088304131836994,3.207085132598877,3300,0.0,0.0
2007-06-25,3.3258660620453036,3.8009901088469986,3.3258660620453036,3.4446470737457275,3500,0.0,0.0
2007-06-26,3.6822089314657407,3.6822089314657407,3.5634279251098633,3.5634279251098633,1100,0.0,0.0
2007-06-27,3.5634279251098633,3.5634279251098633,3.5634279251098633,3.5634279251098633,0,0.0,0.0
2007-06-28,3.5634279251098633,3.5634279251098633,3.5634279251098633,3.5634279251098633,0,0.0,0.0
2007-06-29,3.5634279251098633,3.5634279251098633,3.5634279251098633,3.5634279251098633,0,0.0,0.0
2007-07-02,3.5634279251098633,3.5634279251098633,3.5634279251098633,3.5634279251098633,0,0.0,0.0
2007-07-03,3.515915632247925,3.515915632247925,3.515915632247925,3.515915632247925,667,0.0,0.0
2007-07-05,3.682209014892578,3.682209014892578,3.682209014892578,3.682209014892578,333,0.0,0.0
2007-07-06,3.563427858561426,3.6584525108337407,3.5159155324252684,3.6584525108337402,2167,0.0,0.0
2007-07-09,3.682209014892578,3.8009900239396455,3.682209014892578,3.682209014892578,4200,0.0,0.0
2007-07-10,3.8009900772411034,3.8009900772411034,3.5634280558156255,3.705965042114258,3933,0.0,0.0
2007-07-11,3.4446469928747816,3.56342800178655,3.2070853526456626,3.3258659839630127,9733,0.0,0.0
2007-07-12,3.70596499014534,3.70596499014534,3.4446469967984434,3.682209014892578,1467,0.0,0.0
2007-07-13,3.6822089314657407,3.6822089314657407,3.444646918753986,3.5634279251098633,2500,0.0,0.0
2007-07-16,3.5634279251098633,3.5634279251098633,3.5634279251098633,3.5634279251098633,0,0.0,0.0
2007-07-17,3.5634279251098633,3.5634279251098633,3.5634279251098633,3.5634279251098633,0,0.0,0.0
2007-07-18,3.563428085446151,3.563428085446151,3.4446470737457275,3.4446470737457275,3100,0.0,0.0
2007-07-19,3.4446470737457275,3.4446470737457275,3.4446470737457275,3.4446470737457275,500,0.0,0.0
2007-07-20,3.4446469928747816,3.4446469928747816,3.3258659839630127,3.3258659839630127,4667,0.0,0.0
2007-07-23,3.4446470737457275,3.4446470737457275,3.4446470737457275,3.4446470737457275,133,0.0,0.0
2007-07-24,3.587184438824007,3.7059650729300038,3.4446470737457275,3.4446470737457275,3533,0.0,0.0
2007-07-25,3.4446469928747816,3.4446469928747816,3.3258659839630127,3.3258659839630127,667,0.0,0.0
2007-07-26,3.3258659839630127,3.3258659839630127,3.3258659839630127,3.3258659839630127,500,0.0,0.0
2007-07-27,3.3258659839630127,3.3258659839630127,3.3258659839630127,3.3258659839630127,767,0.0,0.0
2007-07-30,3.3258659839630127,3.3258659839630127,3.3258659839630127,3.3258659839630127,0,0.0,0.0
2007-07-31,3.3258659839630127,3.3258659839630127,3.3258659839630127,3.3258659839630127,833,0.0,0.0
2007-08-01,3.1358164390584853,3.1595726013183594,3.1358164390584853,3.1595726013183594,667,0.0,0.0
2007-08-02,3.13581657409668,3.13581657409668,3.13581657409668,3.1358165740966797,333,0.0,0.0
2007-08-03,3.183328949699925,3.3021099567413335,3.1358166224022437,3.302109956741333,1867,0.0,0.0
2007-08-06,3.2783535705922207,3.349622249603272,3.2783535705922207,3.3496222496032715,1900,0.0,0.0
2007-08-07,3.3258658004091877,3.4921591281890865,3.3258658004091877,3.492159128189087,200,0.0,0.0
2007-08-08,3.4921594029070118,3.4921594029070118,3.4446470737457275,3.4446470737457275,567,0.0,0.0
2007-08-09,3.4921591281890865,3.4921591281890865,3.4446468027654578,3.492159128189087,833,0.0,0.0
2007-08-10,3.4446468355290993,3.587184190750122,3.3258658320430476,3.587184190750122,2900,0.0,0.0
2007-08-13,3.5634280558156255,3.705965042114258,3.5634280558156255,3.705965042114258,1400,0.0,0.0
2007-08-14,3.6822089314657407,3.70596490618027,3.5634279251098633,3.5634279251098633,2667,0.0,0.0
2007-08-15,3.7772336710924646,3.7772336710924646,3.658452662045397,3.682209014892578,2133,0.0,0.0
2007-08-16,3.682209014892578,3.682209014892578,3.682209014892578,3.682209014892578,1333,0.0,0.0
2007-08-17,3.682209014892578,3.682209014892578,3.682209014892578,3.682209014892578,167,0.0,0.0
2007-08-20,3.682209014892578,3.682209014892578,3.682209014892578,3.682209014892578,333,0.0,0.0
2007-08-21,3.5159155980863943,3.5634279251098633,3.5159155980863943,3.5634279251098633,2900,0.0,0.0
2007-08-22,3.5634279251098633,3.5634279251098633,3.5634279251098633,3.5634279251098633,0,0.0,0.0
2007-08-23,3.682209014892578,3.682209014892578,3.682209014892578,3.682209014892578,1000,0.0,0.0
2007-08-24,3.68220868358479,3.8247456550598145,3.68220868358479,3.8247456550598145,1800,0.0,0.0
2007-08-27,3.8247456550598145,3.8247456550598145,3.8247456550598145,3.8247456550598145,0,0.0,0.0
2007-08-28,3.9197707429529958,3.9197707429529958,3.4446470737457275,3.4446470737457275,2833,0.0,0.0
2007-08-29,3.8009901046752925,3.8960147628935684,3.8009901046752925,3.800990104675293,1433,0.0,0.0
2007-08-30,3.8009901046752925,3.8009901046752925,3.8009901046752925,3.800990104675293,167,0.0,0.0
2007-08-31,3.8009901046752925,3.8009901046752925,3.8009901046752925,3.800990104675293,0,0.0,0.0
2007-09-04,3.89601469039917,4.038551675074352,3.563428015229326,3.89601469039917,4100,0.0,0.0
2007-09-05,3.444646918753986,3.5634279251098633,3.444646918753986,3.5634279251098633,400,0.0,0.0
2007-09-06,3.444647069965119,3.8009901046752925,3.444647069965119,3.800990104675293,1100,0.0,0.0
2007-09-07,3.444647069965119,3.8009901046752925,3.4208910942077635,3.800990104675293,800,0.0,0.0
2007-09-10,3.8009901046752925,3.8009901046752925,3.8009901046752925,3.800990104675293,0,0.0,0.0
2007-09-11,3.8722584247589116,3.8722584247589116,3.8722584247589116,3.872258424758911,467,0.0,0.0
2007-09-12,3.444646918753986,3.8722582395596166,3.444646918753986,3.5634279251098633,1167,0.0,0.0
2007-09-13,3.5634279251098633,3.5634279251098633,3.444646918753986,3.5634279251098633,1333,0.0,0.0
2007-09-14,3.5634279251098633,3.5634279251098633,3.5634279251098633,3.5634279251098633,0,0.0,0.0
2007-09-17,3.563428085446151,3.563428085446151,3.4446470737457275,3.4446470737457275,2833,0.0,0.0
2007-09-18,3.5634279251098633,3.5634279251098633,3.5634279251098633,3.5634279251098633,667,0.0,0.0
2007-09-19,3.563428081535177,3.8009901046752925,3.563428081535177,3.800990104675293,1767,0.0,0.0
2007-09-20,3.896014778204051,3.896014778204051,3.8722584247589116,3.872258424758911,4433,0.0,0.0
2007-09-21,3.8960144977383364,3.8960144977383364,3.587184190750122,3.587184190750122,1933,0.0,0.0
2007-09-24,3.6822090665283644,3.705965042114258,3.6822090665283644,3.705965042114258,333,0.0,0.0
2007-09-25,3.705965042114258,3.705965042114258,3.705965042114258,3.705965042114258,0,0.0,0.0
2007-09-26,3.7297213077545166,3.7297213077545166,3.7297213077545166,3.7297213077545166,33,0.0,0.0
2007-09-27,3.7297213077545166,3.7297213077545166,3.7297213077545166,3.7297213077545166,0,0.0,0.0
2007-09-28,3.7297211683767437,3.7297211683767437,3.587184190750122,3.587184190750122,400,0.0,0.0
2007-10-01,3.5871842774188027,3.5871842774188027,3.5634279251098633,3.5634279251098633,367,0.0,0.0
2007-10-02,3.4446470737457275,3.4446470737457275,3.4446470737457275,3.4446470737457275,1733,0.0,0.0
2007-10-03,3.3258659839630127,3.4446469928747816,3.3258659839630127,3.3258659839630127,6667,0.0,0.0
2007-10-04,3.4684033393859868,3.4684033393859868,3.4684033393859868,3.4684033393859863,333,0.0,0.0
2007-10-05,3.4684033393859868,3.4684033393859868,3.4684033393859868,3.4684033393859863,0,0.0,0.0
2007-10-08,3.2308413278713655,3.3258659839630127,3.2308413278713655,3.3258659839630127,3033,0.0,0.0
2007-10-09,3.3258660620453036,3.4446470737457275,3.3258660620453036,3.4446470737457275,633,0.0,0.0
2007-10-10,3.3258659839630127,3.4446469928747816,3.2308413278713655,3.3258659839630127,2833,0.0,0.0
2007-10-11,3.3258659839630127,3.3258659839630127,3.3258659839630127,3.3258659839630127,2333,0.0,0.0
2007-10-12,3.3258659839630127,3.3258659839630127,3.3258659839630127,3.3258659839630127,333,0.0,0.0
2007-10-15,3.2308412583511705,3.5634279251098633,3.2308412583511705,3.5634279251098633,1833,0.0,0.0
2007-10-16,3.5634279251098633,3.5634279251098633,3.5634279251098633,3.5634279251098633,1167,0.0,0.0
2007-10-17,3.563428081535177,3.8009901046752925,3.563428081535177,3.800990104675293,2833,0.0,0.0
2007-10-18,3.800989988028302,3.800989988028302,3.658452627480731,3.7297213077545166,3000,0.0,0.0
2007-10-19,3.8009901046752925,3.8960147628935684,3.682209093105235,3.800990104675293,6333,0.0,0.0
2007-10-22,3.8009900239396455,3.8009900239396455,3.682209014892578,3.682209014892578,1867,0.0,0.0
2007-10-23,3.8009901046752925,3.8009901046752925,3.8009901046752925,3.800990104675293,167,0.0,0.0
2007-10-24,3.800990119612349,3.8722584247589116,3.682209107575508,3.872258424758911,1533,0.0,0.0
2007-10-25,3.8009901046752925,3.8009901046752925,3.8009901046752925,3.800990104675293,1667,0.0,0.0
2007-10-26,3.87225845050208,4.038551792940307,3.800990144881719,3.9672834873199463,6600,0.0,0.0
2007-10-29,4.038551728553632,4.038551728553632,3.872258388766621,3.9197707176208496,3967,0.0,0.0
2007-10-30,3.959364414215088,4.038551626980507,3.959364414215088,3.959364414215088,2000,0.0,0.3333333333333333
2007-10-31,4.157332872089587,4.157332872089587,3.7613964080810542,3.7613964080810547,1000,0.0,0.0
2007-11-01,4.157332420349121,4.355300630841937,4.1177386272128,4.157332420349121,4700,0.0,0.0
2007-11-02,4.355300820525353,4.711643463894208,4.236519813537598,4.236519813537598,11500,0.0,0.0
2007-11-05,4.592862613913643,4.672049822237452,4.355300611347822,4.434487819671631,22800,0.0,0.0
2007-11-06,4.672050013588608,4.672050013588608,4.394894584306743,4.513675212860107,8700,0.0,0.0
2007-11-07,4.157332482545272,4.553268909454346,4.157332482545272,4.553268909454346,9400,0.0,0.0
2007-11-08,4.355300820525353,4.355300820525353,4.236519813537598,4.236519813537598,1100,0.0,0.0
2007-11-09,4.553268909454346,4.553268909454346,4.157332482545272,4.553268909454346,1800,0.0,0.0
2007-11-12,4.355300855636597,4.553269076347351,3.959364414215088,3.959364414215088,9000,0.0,0.0
2007-11-13,3.959364425860775,3.959364425860775,3.64261519627303,3.9435269832611084,19300,0.0,0.0
2007-11-14,3.7613961935043334,3.959364414215088,3.7613961935043334,3.959364414215088,4200,0.0,0.0
2007-11-15,3.7613961935043334,3.959364414215088,3.7613961935043334,3.959364414215088,8800,0.0,0.0
2007-11-16,3.959364414215088,4.038551626980507,3.959364414215088,3.959364414215088,11700,0.0,0.0
2007-11-19,4.038551330566406,4.038551330566406,4.038551330566406,4.038551330566406,500,0.0,0.0
2007-11-20,3.959364414215088,3.959364414215088,3.959364414215088,3.959364414215088,1000,0.0,0.0
2007-11-21,4.157332420349121,4.157332420349121,4.157332420349121,4.157332420349121,4200,0.0,0.0
2007-11-23,4.3553009033203125,4.3553009033203125,4.3553009033203125,4.3553009033203125,200,0.0,0.0
2007-11-26,4.355300630841937,4.355300630841937,3.959364209856306,4.157332420349121,6300,0.0,0.0
2007-11-27,4.157332420349121,4.157332420349121,4.157332420349121,4.157332420349121,1000,0.0,0.0
2007-11-28,3.959364414215088,3.959364414215088,3.959364414215088,3.959364414215088,1100,0.0,0.0
2007-11-29,3.959364414215088,3.959364414215088,3.959364414215088,3.959364414215088,200,0.0,0.0
2007-11-30,3.9672834873199463,3.9672834873199463,3.9672834873199463,3.9672834873199463,1000,0.0,0.0
2007-12-03,4.355301014112442,4.870018482208252,4.355301014112442,4.870018482208252,11000,0.0,0.0
2007-12-04,4.6720499992370605,4.6720499992370605,4.6720499992370605,4.6720499992370605,5100,0.0,0.0
2007-12-05,4.474081516265869,4.474081516265869,4.474081516265869,4.474081516265869,200,0.0,0.0
2007-12-06,4.672049617025676,4.672049617025676,4.59286241218003,4.632455825805664,2000,0.0,0.0
2007-12-07,4.474082186877531,4.988799673437679,4.474082186877531,4.9492058753967285,10300,0.0,0.0
2007-12-10,4.672050141168473,5.107580005477461,4.672050141168473,5.028392791748047,1100,0.0,0.0
2007-12-11,5.147174110412598,5.345142345428467,4.9492058753967285,4.9492058753967285,26500,0.0,0.0
2007-12-12,4.751236915588379,4.751236915588379,4.751236915588379,4.751236915588379,1000,0.0,0.0
2007-12-13,4.751236915588379,4.751236915588379,4.751236915588379,4.751236915588379,200,0.0,0.0
2007-12-14,4.751236915588379,4.751236915588379,4.751236915588379,4.751236915588379,500,0.0,0.0
2007-12-17,4.909611701965332,5.067986504425306,4.909611701965332,4.909611701965332,11900,0.0,0.0
2007-12-18,4.355300505956015,4.751236915588379,4.355300505956015,4.751236915588379,2900,0.0,0.0
2007-12-19,4.751237068988859,5.0283924891609955,4.751237068988859,5.020473957061768,3800,0.0,0.0
2007-12-20,4.774993896484375,4.774993896484375,4.774993896484375,4.774993896484375,2000,0.0,0.0
2007-12-21,5.028392638991361,5.028392638991361,4.6720499992370605,4.6720499992370605,2400,0.0,0.0
2007-12-24,4.751236915588379,4.751236915588379,4.751236915588379,4.751236915588379,1500,0.0,0.0
2007-12-26,3.563427907920645,4.75123721056086,3.3258658963548386,4.6720499992370605,171400,0.0,0.0
2007-12-27,4.711643446001436,4.774993593056898,4.394894598696178,4.727480888366699,124700,0.0,0.0
2007-12-28,4.672049617025676,4.751236821871323,4.513674829740006,4.632455825805664,6300,0.0,0.0
2007-12-31,4.592863034244946,4.664131339461536,4.592863034244946,4.65621280670166,17600,0.0,0.0
2008-01-02,4.64037510858669,4.917530536651611,4.64037510858669,4.917530536651611,17500,0.0,0.0
2008-01-03,4.870018264152216,4.917530591412919,4.5928628330009085,4.608700275421143,16200,0.0,0.0
2008-01-04,4.577025073666771,4.577025073666771,4.474081516265869,4.474081516265869,31000,0.0,0.0
2008-01-07,4.394894322882303,4.474081529739003,3.9593641187788724,4.196926116943359,23400,0.0,0.0
2008-01-08,4.196926618399812,4.196926618399812,4.1573328214435294,4.165251731872559,16100,0.0,0.0
2008-01-09,4.11773891518193,4.553269159762167,3.9989582826549763,4.537431716918945,12300,0.0,0.0
2008-01-10,4.260276222046956,5.456004084889437,4.260276222046956,5.305548191070557,33700,0.0,0.0
2008-01-11,5.107579754005548,5.139254637937799,4.4740816977661195,4.7987494468688965,23800,0.0,0.0
2008-01-14,4.87793689686495,5.028392791748047,4.553269131777142,5.028392791748047,16700,0.0,0.0
2008-01-15,4.949205120404562,5.028392326812158,4.355300505956015,4.751236915588379,17300,0.0,0.0
2008-01-16,4.276113565023656,4.6720499992370605,4.276113565023656,4.6720499992370605,6200,0.0,0.0
2008-01-17,4.600781562170439,4.600781562170439,4.244438903678641,4.442407131195068,18100,0.0,0.0
2008-01-18,4.51367494437016,4.51367494437016,4.086063649749592,4.196926116943359,5800,0.0,0.0
2008-01-22,4.1177389139041285,4.1177389139041285,3.800990057137981,3.864339828491211,18900,0.0,0.0
2008-01-23,3.848502371935312,3.848502371935312,3.3733787108852,3.523834228515625,27300,0.0,0.0
2008-01-24,3.4842409587939693,3.7613964080810542,3.4842409587939693,3.7613964080810547,3800,0.0,0.0
2008-01-25,3.721802234649658,3.9989580335316868,3.690127350936466,3.721802234649658,14400,0.0,0.0
2008-01-28,3.7613963349139783,3.8960147904733766,3.642615322503072,3.8564209938049316,15400,0.0,0.0
2008-01-29,3.919770653902922,3.919770653902922,3.8009900224954056,3.9118521213531494,8900,0.0,0.0
2008-01-30,3.8405835385616776,3.9593645505985187,3.800990119612349,3.872258424758911,10700,0.0,0.0
2008-01-31,3.880177116711258,4.038551538783389,3.8405833223960224,3.9831206798553467,22700,0.0,0.0
2008-02-01,4.038551377268874,4.252357027312685,4.038551377268874,4.220682144165039,37000,0.0,0.0
2008-02-04,4.196926373711522,4.347381887146934,4.165251489030971,4.268194675445557,14500,0.0,0.0
2008-02-05,4.220682274119535,4.276113510131836,4.165251415701637,4.276113510131836,2500,0.0,0.0
2008-02-06,4.204844653965704,4.204844653965704,4.038551330566406,4.038551330566406,9400,0.0,0.0
2008-02-07,4.0781452539018535,4.0781452539018535,3.92768936705795,3.9514453411102295,32200,0.0,0.0
2008-02-08,3.8960144628432753,3.9197704367710724,3.8722581113210808,3.8801770210266113,25300,0.0,0.0
2008-02-11,3.919770619035171,3.959364414215088,3.919770619035171,3.959364414215088,12200,0.0,0.0
2008-02-12,3.9672834039015132,4.236519932706788,3.919770697694395,4.078145503997803,17300,0.0,0.0
2008-02-13,4.006876741874339,4.014795651948089,3.880177201449669,3.959364414215088,7700,0.0,0.0
2008-02-14,3.998958124182883,3.998958124182883,3.761396113354321,3.840583324432373,26500,0.0,0.0
2008-02-15,3.8801772990395382,3.959364513796585,3.7613962881067557,3.9197707176208496,24400,0.0,0.0
2008-02-19,3.880177201449669,4.078145422160423,3.880177201449669,3.959364414215088,8500,0.0,0.0
2008-02-20,3.880177201449669,3.959364414215088,3.7613961935043334,3.959364414215088,52900,0.0,0.0
2008-02-21,3.919770717620849,3.967283424069502,3.8801772990395382,3.9197707176208496,19000,0.0,0.0
2008-02-22,3.919770508620621,4.117738723754883,3.8801770921504115,4.117738723754883,21500,0.0,0.0
2008-02-25,4.1573322529379375,4.17316969403583,3.9989578419590064,4.0464701652526855,19700,0.0,0.0
2008-02-26,4.054388924834117,4.117738692785525,3.9593642729070053,4.062307834625244,16800,0.0,0.0
2008-02-27,4.054388999938965,4.078145352158014,3.9593643462515846,4.054388999938965,19000,0.0,0.0
2008-02-28,4.038551460355521,4.038551460355521,3.92768936705795,3.9514453411102295,19100,0.0,0.0
2008-02-29,3.9276895291089207,3.959364414215088,3.8880957339290037,3.959364414215088,13600,0.0,0.0
2008-03-03,3.998958177156498,4.355300820525353,3.998958177156498,4.236519813537598,55600,0.0,0.0
2008-03-04,4.276113510131836,4.29986948442682,4.117738711922862,4.276113510131836,47000,0.0,0.0
2008-03-05,4.315707042327861,5.10757992184449,4.315707042327861,4.909611701965332,95700,0.0,0.0
2008-03-06,4.949205481272854,5.202604937848013,4.949205481272854,5.067986488342285,95200,0.0,0.0
2008-03-07,5.0679861488317925,5.0679861488317925,4.822505618717025,4.965042591094971,47100,0.0,0.0
2008-03-10,4.965042981166262,4.965042981166262,4.759156227111816,4.759156227111816,33200,0.0,0.0
2008-03-11,4.870018209920003,4.957124331058489,4.870018209920003,4.917530536651611,10500,0.0,0.0
2008-03-12,4.988799276160802,5.147173700523768,4.988799276160802,5.067986488342285,17100,0.0,0.0
2008-03-13,5.02839276831187,5.067986563789249,4.870018341591188,5.060067653656006,8900,0.0,0.0
2008-03-14,5.028392870284243,5.155092791824594,5.028392870284243,5.147173881530762,33600,0.0,0.0
2008-03-17,5.155092744179857,5.305548262427881,5.155092744179857,5.21052360534668,20900,0.0,0.0
2008-03-18,5.234279822720606,5.234279822720606,4.988799276160802,5.067986488342285,11800,0.0,0.0
2008-03-19,5.226360961108499,5.46392297744751,5.107579952938993,5.46392297744751,43100,0.0,0.0
2008-03-20,5.5035162273711125,5.5035162273711125,4.980880260467529,4.980880260467529,41800,0.0,0.0
2008-03-24,5.075904779285055,5.147173455655101,4.790830828993659,4.925448894500732,33700,0.0,0.0
2008-03-25,4.877936919888127,4.996717929840088,4.830424591426227,4.996717929840088,14400,0.0,0.0
2008-03-26,5.107579843578047,5.107579843578047,4.838343325432263,4.917530536651611,9700,0.0,0.0
2008-03-27,4.870017913996966,4.893773887122052,4.751236915588379,4.751236915588379,8800,0.0,0.0
2008-03-28,4.672049616139489,4.822505494114868,4.672049616139489,4.790830612182617,3800,0.0,0.0
2008-03-31,4.822506275822673,5.226361274719238,4.751237591125569,5.226361274719238,13900,0.0,0.0
2008-04-01,4.917530589051553,4.949205473876812,4.917530589051553,4.941286563873291,800,0.0,0.0
2008-04-02,4.901693249780984,5.028392791748047,4.901693249780984,5.028392791748047,29300,0.0,0.0
2008-04-03,4.949205726081722,5.099661625465938,4.909611929235296,5.052149295806885,25600,0.0,0.0
2008-04-04,5.099661436830376,5.305548191070557,5.012555313546937,5.305548191070557,22000,0.0,0.0
2008-04-07,5.186767854683188,5.503516725349342,5.107580259422211,5.226361274719238,40700,0.0,0.0
2008-04-08,5.5431105229798305,5.590622853579753,5.21052383118593,5.226361274719238,43400,0.0,0.0
2008-04-09,5.265954569597877,5.30554798585386,5.10757977179074,5.258035659790039,20600,0.0,0.0
2008-04-10,5.186767317027085,5.186767317027085,4.99671763673335,5.075904846191406,18500,0.0,0.0
2008-04-11,5.044230151898265,5.10757992184449,4.885855727032705,4.909611701965332,9100,0.0,0.0
2008-04-14,4.877937014975717,4.893774458105076,4.83042468558764,4.870018482208252,3800,0.0,0.0
2008-04-15,4.854180888265277,4.901693216177202,4.830424535512106,4.846261978149414,7200,0.0,0.0
2008-04-16,4.830424191686797,4.949205191809094,4.830424191686797,4.901692867279053,16300,0.0,0.0
2008-04-17,4.9096119012344355,4.949205697855047,4.862099571846358,4.870018482208252,8000,0.0,0.0
2008-04-18,4.87001853328396,4.893774509429932,4.87001853328396,4.893774509429932,1800,0.0,0.0
2008-04-21,5.1075797972697545,5.1075797972697545,4.8462618138179625,4.980880260467529,13000,0.0,0.0
2008-04-22,4.988799276160802,5.147173700523768,4.909611686384906,5.067986488342285,26900,0.0,0.0
2008-04-23,5.107579958163137,5.115498868259931,5.075905072964793,5.091742515563965,2500,0.0,0.0
2008-04-24,5.067986587409964,5.091742562731578,5.028392791748047,5.028392791748047,3500,0.0,0.0
2008-04-25,5.028392815481355,5.028392815481355,4.949205601378187,4.996717929840088,14600,0.0,0.0
2008-04-28,4.965042818367251,4.98879917031487,4.909611582219076,4.980880260467529,12600,0.0,0.0
2008-04-29,5.060067642550288,5.060067642550288,4.830424535512106,4.846261978149414,3600,0.0,0.0
2008-04-30,4.870017913996966,4.870017913996966,4.751236915588379,4.751236915588379,8200,0.0,0.0
2008-05-01,4.751237011796872,4.782911895001299,4.687887245388016,4.711643218994141,7400,0.0,0.0
2008-05-02,4.711643471962159,4.711643471962159,4.363219738006592,4.363219738006592,24900,0.0,0.0
2008-05-05,4.355300549554845,4.529512405395508,4.355300549554845,4.529512405395508,13400,0.0,0.0
2008-05-06,4.925448880439043,4.925448880439043,4.482000136990704,4.592862606048584,14400,0.0,0.0
2008-05-07,4.7433179125895695,4.7433179125895695,4.553268620960018,4.632455825805664,9300,0.0,0.0
2008-05-08,4.774993172122206,4.774993172122206,4.513674829740006,4.632455825805664,12400,0.0,0.0
2008-05-09,4.592862606048584,4.672049814236789,4.434487812077782,4.592862606048584,27100,0.0,0.0
2008-05-12,4.474081811762819,4.553269023611086,4.355300805193212,4.394894599914551,26500,0.0,0.0
2008-05-13,4.434487712363611,4.870017913996966,4.434487712363611,4.751236915588379,32000,0.0,0.0
2008-05-14,4.7908309166375505,4.949205336363419,4.434487905862743,4.553268909454346,36400,0.0,0.0
2008-05-15,4.569106538082527,4.759156227111816,4.569106538082527,4.759156227111816,5700,0.0,0.0
2008-05-16,4.877936658689578,4.877936658689578,4.553268909454346,4.553268909454346,3900,0.0,0.0
2008-05-19,4.862099330116632,4.862099330116632,4.553269015651081,4.640375137329102,42900,0.0,0.0
2008-05-20,4.600781311385143,4.648293638087892,4.513675190299567,4.545350074768066,11500,0.0,0.0
2008-05-21,4.553268984682394,4.553268984682394,4.513675190299567,4.545350074768066,7900,0.0,0.0
2008-05-22,4.545350097486926,4.569106449754244,4.442406911246971,4.513675212860107,17900,0.0,0.0
2008-05-23,4.474081516265869,4.474081516265869,4.363219427000336,4.474081516265869,11900,0.0,0.0
2008-05-27,4.751237242028958,4.751237242028958,4.363219715175244,4.394894599914551,22300,0.0,0.0
2008-05-28,4.3632197305352625,4.434488032652387,4.078145389283531,4.236519813537598,29300,0.0,0.0
2008-05-29,4.1969262204337525,4.1969262204337525,3.2070851663309234,3.4050533771514893,148000,0.0,0.0
2008-05-30,3.4446469750428688,3.9593644259330483,3.4446469750428688,3.484240770339966,131100,0.0,0.0
2008-06-02,3.5634278390151515,3.6346965166256626,3.5634278390151515,3.587184190750122,28700,0.0,0.0
2008-06-03,3.61885941697198,3.880177422802501,3.61885941697198,3.7613964080810547,28500,0.0,0.0
2008-06-04,3.7930711426916877,3.7930711426916877,3.6426152470983415,3.737639904022217,21600,0.0,0.0
2008-06-05,3.729721342992521,3.729721342992521,3.642615219345416,3.682209014892578,13600,0.0,0.0
2008-06-06,3.713883936298257,3.713883936298257,3.579265483246097,3.6346967220306396,14400,0.0,0.0
2008-06-09,3.642615208570455,3.642615208570455,3.452565896732853,3.4684033393859863,44100,0.0,0.0
2008-06-10,3.4842406859781527,3.5634278970606186,3.3654596805572505,3.365459680557251,25100,0.0,0.0
2008-06-11,3.4050534979022484,3.4050534979022484,3.310028466366837,3.333784818649292,19400,0.0,0.0
2008-06-12,3.2704351670324687,3.2704351670324687,2.7715551494998363,2.8190674781799316,29200,0.0,0.0
2008-06-13,2.890336065901111,3.3654597148286225,2.7953112228372854,3.3179473876953125,60600,0.0,0.0
2008-06-16,3.4050536848251696,4.5136754635176155,3.30211011527405,4.497838020324707,113000,0.0,0.0
2008-06-17,4.189007681845136,4.505756922736626,3.991039453487258,4.070226669311523,50600,0.0,0.0
2008-06-18,3.991039526998448,3.998958437523948,3.6822091907982353,3.7613964080810547,43500,0.0,0.0
2008-06-19,3.769315281488693,3.8247461442435995,3.769315281488693,3.808908700942993,2800,0.0,0.0
2008-06-20,3.753477186063812,3.7613960959321413,3.626777648925781,3.6267776489257812,6300,0.0,0.0
2008-06-23,3.6188591621011152,3.6188591621011152,3.5634279251098633,3.5634279251098633,17100,0.0,0.0
2008-06-24,3.5475905156345595,3.563427958122438,3.2862725257873535,3.2862725257873535,19800,0.0,0.0
2008-06-25,3.246678841266017,3.246678841266017,3.167491626131612,3.2308413982391357,27900,0.0,0.0
2008-06-26,3.2545977515766706,3.2862726376304328,3.127898018564409,3.2308413982391357,9700,0.0,0.0
2008-06-27,3.246678869550307,4.10190155564123,3.246678869550307,4.070226669311523,252400,0.0,0.0
2008-06-30,3.9356080980922754,3.9356080980922754,3.682209014892578,3.682209014892578,26700,0.0,0.0
2008-07-01,3.698046373806897,3.7218023485214267,3.484240713404082,3.5634279251098633,34700,0.0,0.0
2008-07-02,3.531752933877049,3.531752933877049,3.35754069578578,3.3733785152435303,6600,0.0,0.0
2008-07-03,3.3733785255797644,3.3812970577385038,3.2150037288665776,3.215003728866577,16900,0.0,0.0
2008-07-07,3.183328900662459,3.207085252742552,3.1278978530023833,3.1358165740966797,20300,0.0,0.0
2008-07-08,3.1674914360046387,3.230841204309627,3.1358165518521446,3.1674914360046387,17400,0.0,0.0
2008-07-09,3.151653939272324,3.151653939272324,3.0011980533599854,3.0011980533599854,10400,0.0,0.0
2008-07-10,2.977441934632828,3.0091168187038364,2.929929608526315,2.9378483295440674,10100,0.0,0.0
2008-07-11,2.9061737203202496,2.9061737203202496,2.605261915592965,2.613180637359619,68700,0.0,0.0
2008-07-14,2.7715550981025423,2.7715550981025423,1.789632712937182,1.9717634916305542,422500,0.0,0.0
2008-07-15,1.9638449491339098,2.122219578347398,1.9321700610506574,2.043032169342041,112900,0.0,0.0
2008-07-16,2.0747070419625238,2.1697318943012878,1.979682378420984,2.1222195625305176,34300,0.0,0.0
2008-07-17,2.1459757284159027,2.1459757284159027,2.0905446746833376,2.1222195625305176,6000,0.0,0.0
2008-07-18,2.106382030831719,2.1380569173589725,2.058869512243623,2.0826258659362793,9600,0.0,0.0
2008-07-21,2.0667880002219436,2.0667880002219436,1.9796820721194535,2.0034382343292236,18300,0.0,0.0
2008-07-22,1.9876009289631396,2.2093253135681152,1.9876009289631396,2.2093253135681152,54600,0.0,0.0
2008-07-23,2.1459754223443874,2.2172439098358154,2.0667880252233815,2.2172439098358154,33900,0.0,0.0
2008-07-24,2.1776504516601562,2.1776504516601562,2.1459755662071984,2.1776504516601562,5100,0.0,0.0
2008-07-25,2.1776504755526824,2.1776504755526824,2.122219425401833,2.1459755897521973,7900,0.0,0.0
2008-07-28,2.138056744040113,2.201406511959251,2.1222193020603286,2.1538941860198975,19600,0.0,0.0
2008-07-29,2.153894219843419,2.177650383186149,2.106381893157959,2.106381893157959,37000,0.0,0.0
2008-07-30,2.106381876995538,2.1222193191025025,2.0588693618774414,2.0588693618774414,32000,0.0,0.0
2008-07-31,2.019275782994227,2.114300625674829,2.019275782994227,2.0905444622039795,34100,0.0,0.0
2008-08-01,2.0667881411495044,2.1143006576059635,1.971763485831002,1.979682207107544,7900,0.0,0.0
2008-08-04,2.058869444391393,2.058869444391393,1.948007345199585,1.948007345199585,7900,0.0,0.0
2008-08-05,1.9717634594460125,2.003438344128325,1.7817139625549316,1.7817139625549316,131600,0.0,0.0
2008-08-06,1.7817138973850917,1.7817138973850917,1.662932895373873,1.7025266885757446,70600,0.0,0.0
2008-08-07,1.6946079676948098,1.7025266885757446,1.662932895373873,1.7025266885757446,63700,0.0,0.0
2008-08-08,1.6629329833729969,1.8529824833696715,1.6629329833729969,1.742120385169983,14700,0.0,0.0
2008-08-11,1.7421203736289255,1.7579578161239624,1.7421203736289255,1.7579578161239624,900,0.0,0.0
2008-08-12,1.7579578456414129,1.7579578456414129,1.6708517216589247,1.7183642387390137,4300,0.0,0.0
2008-08-13,1.67877034789289,1.718364141348469,1.67877034789289,1.6866892576217651,7400,0.0,0.0
2008-08-14,1.6629329583281192,1.6708516795088355,1.5441521406173706,1.5441521406173706,94100,0.0,0.0
2008-08-15,1.5045584782460766,1.5045584782460766,1.4253711700439453,1.4253711700439453,71000,0.0,0.0
2008-08-18,1.5758270650678554,1.5758270650678554,0.9977598379104827,1.4253711700439453,102600,0.0,0.0
2008-08-19,1.4253711700439453,1.4253711700439453,1.3699401203814767,1.4253711700439453,30900,0.0,0.0
2008-08-20,1.504558465483127,1.979682216266905,1.4966397441699477,1.670851707458496,47700,0.0,0.0
2008-08-21,1.8450637819469469,1.9084137418264593,1.7104455183970544,1.8767386674880981,43200,0.0,0.0
2008-08-22,1.8767385591814252,1.8767385591814252,1.837144954539935,1.860901117324829,17700,0.0,0.0
2008-08-25,1.8292263449594937,1.9084137478599337,1.781714016497556,1.8688199520111084,24400,0.0,0.0
2008-08-26,1.908413643106674,1.995519573838962,1.8925762011553489,1.9163323640823364,43900,0.0,0.0
2008-08-27,1.9796820593894362,2.1380566619000296,1.9480071766467562,2.0984630584716797,80700,0.0,0.0
2008-08-28,2.1301379412143597,2.2093251480710596,2.0984630584716797,2.0984630584716797,65200,0.0,0.0
2008-08-29,2.066788152685095,2.1934878826141357,2.066788152685095,2.1934878826141357,9000,0.0,0.0
2008-09-02,2.1934880601866724,2.1934880601866724,2.1143008405687227,2.1222195625305176,7300,0.0,0.0
2008-09-03,2.122219474095346,2.122219474095346,2.0430320689799966,2.0826258659362793,30100,0.0,0.0
2008-09-04,2.058869475074864,2.0667881965637207,2.0192758676305806,2.0667881965637207,39800,0.0,0.0
2008-09-05,2.106381948086001,2.1934878826141357,2.106381948086001,2.1934878826141357,39900,0.0,0.0
2008-09-08,2.21724394267179,2.21724394267179,2.1301380122256166,2.169731616973877,33500,0.0,0.0
2008-09-09,2.1697316620719054,2.177650383186149,2.106381893157959,2.106381893157959,22500,0.0,0.0
2008-09-10,2.153894122798658,2.153894122798658,1.9796820773373112,1.9955195188522339,15700,0.0,0.0
2008-09-11,1.940088436985225,2.2093251264618146,1.940088436985225,2.1301379203796387,31000,0.0,0.0
2008-09-12,2.138056844843959,2.1776504516601562,2.138056844843959,2.1776504516601562,18300,0.0,0.0
2008-09-15,2.2885125861244404,2.2885125861244404,2.16973158484153,2.2172439098358154,12100,0.0,0.0
2008-09-16,2.138056740198088,2.138056740198088,1.9163323640823366,1.9163323640823364,22800,0.0,0.0
2008-09-17,1.9638447820235565,1.9955196674114832,1.9559260606765747,1.9559260606765747,5400,0.0,0.0
2008-09-18,1.995519710555922,2.03511331814687,1.8529825344312951,1.9004950523376465,38800,0.0,0.0
2008-09-19,1.9163323411581799,1.9163323411581799,1.7025266885757446,1.7025266885757446,54800,0.0,0.0
2008-09-22,1.7342016065238681,1.7342016065238681,1.5441521128117017,1.5837457180023193,79100,0.0,0.0
2008-09-23,1.6233393852766533,1.7342016728474512,1.6233393852766533,1.6629329919815063,11800,0.0,0.0
2008-09-24,1.6629329583281192,1.6629329583281192,1.4649648344116024,1.5441521406173706,84400,0.0,0.0
2008-09-25,1.5758269699723506,1.6233392953872678,1.5758269699723506,1.623339295387268,13900,0.0,0.0
2008-09-26,1.5837458250191738,1.6233394328852102,1.464964907022457,1.5995832681655884,54400,0.0,0.0
2008-09-29,1.5520708338498252,1.702526722371374,1.5520708338498252,1.5837457180023193,28500,0.0,0.0
2008-09-30,1.583745729236933,1.583745729236933,1.56790828704834,1.5679082870483398,2100,0.0,0.0
2008-10-01,1.5679082490698644,1.6233392953872678,1.5679082490698644,1.623339295387268,2100,0.0,0.0
2008-10-02,1.6233393564252159,1.7025267572247422,1.464964838021972,1.5045584440231323,109200,0.0,0.0
2008-10-03,1.655014207345431,1.655014207345431,1.5045584132224832,1.5837457180023193,19200,0.0,0.0
2008-10-06,1.472883529069989,1.5837457180023193,0.8393851852299008,1.5837457180023193,16700,0.0,0.0
2008-10-07,1.504558417229887,1.5441521169245636,1.306590201952307,1.3382651805877686,21200,0.0,0.0
2008-10-08,1.3065901965342648,1.346183896064758,1.2669965914023722,1.3461838960647583,15000,0.0,0.0
2008-10-09,1.2669966829793062,1.2669966829793062,1.1561344861984253,1.1561344861984253,38000,0.0,0.0
2008-10-10,1.21156545161611,1.5837457180023193,1.0294346789420672,1.5837457180023193,57500,0.0,0.0
2008-10-13,1.5837457504240557,1.5837457504240557,1.433289858822441,1.5045584440231323,22400,0.0,0.0
2008-10-14,1.583745752401084,1.583745752401084,1.5045584459013093,1.5362334251403809,29800,0.0,0.0
2008-10-15,1.4808023093480118,1.5758270600055861,1.4649648666381836,1.4649648666381836,5900,0.0,0.0
2008-10-16,1.4649648080318656,1.5837457180023193,1.148215683311122,1.5837457180023193,19300,0.0,0.0
2008-10-17,1.6154206312438197,1.6154206312438197,1.5441521406173706,1.5441521406173706,12800,0.0,0.0
2008-10-20,1.5124771947676683,1.5362334532310153,1.4253711654650083,1.4649648666381836,16100,0.0,0.0
2008-10-21,1.4649649025478035,1.5362334908875903,1.3857775926589966,1.3857775926589966,7500,0.0,0.0
2008-10-22,1.3936961997703303,1.3936961997703303,1.1878092676041634,1.3778587579727173,17500,0.0,0.0
2008-10-23,1.3145088963836662,1.4095336415679434,1.1878092676041634,1.3778587579727173,6900,0.0,0.0
2008-10-24,1.3778587579727173,1.3778587579727173,1.3778587579727173,1.3778587579727173,200,0.0,0.0
2008-10-27,1.2986714839935303,1.2986714839935303,1.2986714839935303,1.2986714839935303,400,0.0,0.0
2008-10-28,1.2669965810779282,1.3620213270187378,1.235321602831925,1.3620213270187378,9700,0.0,0.0
2008-10-29,1.3065903186798096,1.3541027436783422,1.3065903186798096,1.3065903186798096,1800,0.0,0.0
2008-10-30,1.354102611541748,1.354102611541748,1.2749153072038877,1.354102611541748,5500,0.0,0.0
2008-10-31,1.266996616380072,1.3461839226035646,1.243240452832605,1.274915337562561,13000,0.0,0.0
2008-11-03,1.2432404334785863,1.377858785883844,1.1878092916654792,1.3382651805877686,15800,0.0,0.0
2008-11-04,1.3382652044196564,1.5362334232226633,1.3382652044196564,1.5045584440231323,10100,0.0,0.0
2008-11-05,1.4649648080318656,1.5837457180023193,1.4649648080318656,1.5837457180023193,9900,0.0,0.0
2008-11-06,1.5837457504240557,1.5995831928245199,1.425371137622209,1.5045584440231323,23400,0.0,0.0
2008-11-07,1.5045584939944916,1.6946080923080444,1.5045584939944916,1.6946080923080444,26900,0.0,0.0
2008-11-10,1.6154206639356827,1.6946080661425982,1.5837457785718,1.6629329919815063,1200,0.0,0.0
2008-11-11,1.5837456908748369,1.662932899899699,1.504558387451375,1.623339295387268,42000,0.0,0.0
2008-11-12,1.583745762601167,1.6154206476456372,1.4808022918080352,1.4887210130691528,8100,0.0,0.0
2008-11-13,1.5441520821598524,1.7025266885757446,1.4887209415947105,1.7025266885757446,77200,0.0,0.0
2008-11-14,1.821307565216893,2.2568376064300537,1.7421203536498473,2.2568376064300537,135500,0.0,0.0
2008-11-17,2.2964314364326603,2.359781206663451,1.908413716174651,2.2093253135681152,40000,0.0,0.0
2008-11-18,2.2885125437249534,2.2885125437249534,2.043031824874796,2.0984630584716797,28600,0.0,0.0
2008-11-19,2.0430319197704767,2.0984631559420555,1.948007267128688,2.0588693618774414,24500,0.0,0.0
2008-11-20,1.9796821150549653,1.9796821150549653,1.845063670816124,1.9400885105133057,12800,0.0,0.0
2008-11-21,1.9400886356647589,2.011357128437142,1.6312581227233438,1.9321699142456055,117900,0.0,0.0
2008-11-24,1.9321697896049739,1.9717633941466333,1.82922622899946,1.9400885105133057,17000,0.0,0.0
2008-11-25,1.940088532675318,1.940088532675318,1.7658764819047585,1.8371449708938599,26900,0.0,0.0
2008-11-26,1.7658764819047585,1.8371449708938596,1.5441521051414653,1.8371449708938599,37100,0.0,0.0
2008-11-28,1.8292262445528482,1.9163323640823366,1.8054700816258606,1.9163323640823364,10400,0.0,0.0
2008-12-01,1.892576307149837,1.9321699142456052,1.845063789837704,1.9321699142456055,28900,0.0,0.0
2008-12-02,1.837144981541381,1.9084136597407342,1.8213075394520142,1.8925762176513672,1700,0.0,0.0
2008-12-03,1.8292262554168703,1.8292262554168703,1.6866892770083983,1.8292262554168701,6900,0.0,0.0
2008-12-04,1.7817140633396609,1.83714511466923,1.7262830120100918,1.8054702281951904,5000,0.0,0.0
2008-12-05,1.805470155569805,1.805470155569805,1.6470955407730414,1.742120385169983,15700,0.0,0.0
2008-12-08,1.686689280295127,1.702526722371374,1.5441521128117017,1.5837457180023193,12500,0.0,0.0
2008-12-09,1.583745729236933,1.583745729236933,1.5283145871782557,1.5679082870483398,4100,0.0,0.0
2008-12-10,1.5837457465209535,1.5837457465209535,1.4491273920501695,1.5441521406173706,15500,0.0,0.0
2008-12-11,1.5045584383298545,1.5283146018406568,1.4491273901379822,1.512477159500122,2400,0.0,0.0
2008-12-12,1.4332898643034295,1.5045584497766562,1.393696258150861,1.4966397285461426,8000,0.0,0.0
2008-12-15,1.5599895829788037,1.5758270253402369,1.5203958826766184,1.5441521406173706,2700,0.0,0.0
2008-12-16,1.5045584440231323,1.5045584440231323,0.9502474880138746,1.5045584440231323,11900,0.0,0.0
2008-12-17,1.4570461452832695,1.4649648666381836,1.3857775586904377,1.4649648666381836,2800,0.0,0.0
2008-12-18,1.449127478723073,1.4570462003774116,0.7047668880263861,1.3303464651107788,54200,0.0,0.0
2008-12-19,1.377858886915213,1.377858886915213,1.116540789604187,1.116540789604187,30100,0.0,0.0
2008-12-22,1.1482156943485011,1.1482156943485011,0.9344099410681264,1.0531909465789795,14400,0.0,0.0
2008-12-23,1.0848658310359527,1.0848658310359527,1.0056785254949179,1.0531909465789795,17200,0.0,0.0
2008-12-24,0.9898411386222359,1.1719719232325043,0.9898411386222359,1.164053201675415,6700,0.0,0.0
2008-12-26,1.069028448591736,1.1719719232325043,1.069028448591736,1.164053201675415,9600,0.0,0.0
2008-12-29,1.1798906506549636,1.1798906506549636,1.1086220618882683,1.1244595050811768,14200,0.0,0.0
2008-12-30,1.1244594994913615,1.1798906447895938,1.0135973032935037,1.164053201675415,20600,0.0,0.0
2008-12-31,1.1482156358114946,1.1798905186536555,1.1165406585707367,1.1719717979431152,7000,0.0,0.0
2009-01-02,1.1402969151009543,1.1719717979431152,1.1086219378601965,1.1719717979431152,1500,0.0,0.0
2009-01-05,1.1798905347874278,1.1798905347874278,1.1244593946570862,1.148215651512146,2500,0.0,0.0
2009-01-06,1.1482157585612365,1.1798906447895938,1.1086220563771827,1.164053201675415,13100,0.0,0.0
2009-01-07,1.164053201675415,1.164053201675415,1.164053201675415,1.164053201675415,0,0.0,0.0
2009-01-08,1.1482156534784107,1.1640530951431725,1.1086219549179077,1.1086219549179077,5800,0.0,0.0
2009-01-09,1.1323781154759067,1.148215651512146,1.1086219530194454,1.148215651512146,12300,0.0,0.0
2009-01-12,1.1086219378601965,1.1719717979431152,1.1086219378601965,1.1719717979431152,3900,0.0,0.0
2009-01-13,1.171971911153917,1.1798906326293945,1.1640531896784398,1.1798906326293945,16100,0.0,0.0
2009-01-14,1.1798906326293945,1.1798906326293945,1.1640531896784398,1.1798906326293945,23700,0.0,0.0
2009-01-15,1.2115654029477754,1.2274028443878355,1.1244593806288468,1.132378101348877,22200,0.0,0.0
2009-01-16,1.1244595050811768,1.1640532074620553,1.0848658970989058,1.1244595050811768,23700,0.0,0.0
2009-01-20,1.1402970552444458,1.1482157769282038,1.1086220741108055,1.1402970552444458,16800,0.0,0.0
2009-01-21,1.1482156534784107,1.1482156534784107,1.1086219549179077,1.1086219549179077,6100,0.0,0.0
2009-01-22,1.1244593806288468,1.1482156371875343,1.1244593806288468,1.132378101348877,22400,0.0,0.0
2009-01-23,1.1244595174783214,1.1798906636632356,1.1244595174783214,1.1402970552444458,17600,0.0,0.0
2009-01-26,1.148215651512146,1.148215651512146,1.1244593946570862,1.148215651512146,29000,0.0,0.0
2009-01-27,1.0927846246846233,1.1719719354817772,1.037353478807033,1.116540789604187,11200,0.0,0.0
2009-01-28,1.0294346622853674,1.1323781285139043,1.0294346622853674,1.0927845239639282,19700,0.0,0.0
2009-01-29,1.037353401992203,1.037353401992203,0.8710601654704719,1.0294346809387207,60800,0.0,0.0
2009-01-30,1.1244595112440416,1.1244595112440416,0.9977598706077601,1.116540789604187,40200,0.0,0.0
2009-02-02,1.1323782391620794,1.1482157769282038,1.1244595174783214,1.1402970552444458,3500,0.0,0.0
2009-02-03,1.0769470715883842,1.1482156534784107,1.0611096299236225,1.1086219549179077,37600,0.0,0.0
2009-02-04,1.1086220803787363,1.1165408021072654,1.0531910282790347,1.1007033586502075,11700,0.0,0.0
2009-02-05,1.108621971335895,1.108621971335895,1.045272203738678,1.0848658084869385,27400,0.0,0.0
2009-02-06,1.076947193464621,1.140297061691461,1.076947193464621,1.1007033586502075,15600,0.0,0.0
2009-02-09,1.124459407603909,1.148215664732494,1.084865803053933,1.0927845239639282,72100,0.0,0.0
2009-02-10,1.1244594247480586,1.1719718453310306,1.069028377532959,1.069028377532959,40300,0.0,0.0
2009-02-11,1.0769470875372864,1.1482156704827553,1.0769470875372864,1.0848658084869385,87000,0.0,0.0
2009-02-12,1.1402969326460297,1.1482156534784107,1.084865792420765,1.1086219549179077,49800,0.0,0.0
2009-02-13,1.108621971335895,1.1798905542813638,1.0848658084869385,1.0848658084869385,31100,0.0,0.0
2009-02-17,1.11654070371733,1.148215682238845,1.0452722144407736,1.069028377532959,34200,0.0,0.0
2009-02-18,1.0848658863766536,1.0848658863766536,0.9106538241792683,0.9502475261688232,40900,0.0,0.0
2009-02-19,1.0294347413507197,1.0294347413507197,0.8868976596246994,0.9502475261688232,11100,0.0,0.0
2009-02-20,0.9502474999833732,0.9502474999833732,0.8710601925849915,0.8710601925849915,2200,0.0,0.0
2009-02-23,0.8868976431219098,1.0056785580831662,0.8868976431219098,0.9740036725997925,13100,0.0,0.0
2009-02-24,1.0135972306922103,1.0848658139998408,1.0135972306922103,1.0769470930099487,11000,0.0,0.0
2009-02-25,1.0294346521955005,1.1086219549179077,0.9423287230393106,1.1086219549179077,4500,0.0,0.0
2009-02-26,1.069028377532959,1.11654070371733,1.069028377532959,1.069028377532959,16000,0.0,0.0
2009-02-27,1.0690283806047336,1.0690283806047336,1.0294346809387207,1.0294346809387207,5900,0.0,0.0
2009-03-02,0.9581662184476045,0.989841103553772,0.9344099602193751,0.989841103553772,13000,0.0,0.0
2009-03-03,0.9423288046506335,1.0373534628689092,0.9344099887338372,0.9502475261688232,20800,0.0,0.0
2009-03-04,0.9502475317987191,0.9502475317987191,0.910653829574585,0.910653829574585,7600,0.0,0.0
2009-03-05,0.9423287428418974,0.9423287428418974,0.9027350434493518,0.9185724854469299,900,0.0,0.0
2009-03-06,0.9423288102336137,0.9502475317987191,0.910653829574585,0.910653829574585,16200,0.0,0.0
2009-03-09,0.9106538117745854,0.9502475132248054,0.8552227619023248,0.9344099760055542,11400,0.0,0.0
2009-03-10,0.9344099770475824,0.9977598427994173,0.9106538127901215,0.9660849571228027,19300,0.0,0.0
2009-03-11,1.0215160070568783,1.0294347284760321,0.9660849571228026,0.9660849571228027,2000,0.0,0.0
2009-03-12,0.9502475084872621,0.9898411153414794,0.9106538072344401,0.9740036725997925,55500,0.0,0.0
2009-03-13,0.9819224122415817,1.0294347413507197,0.9264912672156476,0.9502475261688232,10000,0.0,0.0
2009-03-16,0.9502474721552658,0.9819223564275742,0.9423287510871887,0.9423287510871887,16500,0.0,0.0
2009-03-17,0.96608491429142,1.0294346828360368,0.9423287510871887,0.9423287510871887,13700,0.0,0.0
2009-03-18,0.9185725511396904,0.9185725511396904,0.910653829574585,0.910653829574585,2600,0.0,0.0
2009-03-19,0.9106537990848803,0.9344099629848136,0.8710601925849915,0.8710601925849915,8600,0.0,0.0
2009-03-20,0.9185725456974579,0.9502475261688231,0.9106538241792683,0.9502475261688232,6400,0.0,0.0
2009-03-23,0.9423287786833954,0.9581662212833509,0.8710601925849915,0.8710601925849915,9100,0.0,0.0
2009-03-24,0.878978859116494,0.878978859116494,0.8631414175033569,0.8631414175033569,8500,0.0,0.0
2009-03-25,0.8710601569102803,0.9740036239924933,0.8710601569102803,0.9581661820411682,50000,0.0,0.0
2009-03-26,0.9423287918144825,0.9581662346351283,0.9344099760055541,0.9344099760055542,17300,0.0,0.0
2009-03-27,0.9344099612941481,0.9344099612941481,0.8393852114677429,0.8393852114677429,9000,0.0,0.0
2009-03-30,0.8710601811469791,0.894816344734967,0.8710601811469791,0.886897623538971,27600,0.0,0.0
2009-03-31,0.9027350858635966,1.0611097020776752,0.9027350858635966,0.9740036725997925,14300,0.0,0.0
2009-04-01,0.9898410659438184,0.997759786919481,0.9185724827642554,0.9581661820411682,39700,0.0,0.0
2009-04-02,0.9660849560454512,0.9819223988660971,0.9344099760055541,0.9344099760055542,23900,0.0,0.0
2009-04-03,0.9264912727047957,0.9344099942699011,0.910653829574585,0.910653829574585,9900,0.0,0.0
2009-04-06,0.9344099274445079,0.9344099274445079,0.9106537644481408,0.9185724854469299,23200,0.0,0.0
2009-04-07,0.9502475132248054,0.9502475132248054,0.8868976475436166,0.9344099760055542,8800,0.0,0.0
2009-04-08,0.9106538117745854,0.9344099760055541,0.9106538117745854,0.9344099760055542,4400,0.0,0.0
2009-04-09,0.9264912727047957,0.9264912727047957,0.910653829574585,0.910653829574585,23900,0.0,0.0
2009-04-13,0.9344099507149467,0.9344099507149467,0.8868976235389711,0.886897623538971,7800,0.0,0.0
2009-04-14,0.9106537644481408,0.9264912064457189,0.9106537644481408,0.9185724854469299,3300,0.0,0.0
2009-04-15,0.9344099819895997,0.9502475193102758,0.9106538176064942,0.9264912605285645,6900,0.0,0.0
2009-04-16,0.9502475317987191,0.9502475317987191,0.9027351080094795,0.910653829574585,12500,0.0,0.0
2009-04-17,0.9185725024521166,0.9185725024521166,0.8868976178705754,0.8948163390159607,15000,0.0,0.0
2009-04-20,0.9344099629848136,0.9344099629848136,0.8710601925849915,0.8710601925849915,28700,0.0,0.0
2009-04-21,0.8948163564849247,0.9502474999833732,0.8710601925849915,0.8710601925849915,32300,0.0,0.0
2009-04-22,0.8868976014517738,0.9185724854469298,0.8393851810604392,0.9185724854469299,2100,0.0,0.0
2009-04-23,0.9502474814322601,0.9502474814322601,0.8631414544344195,0.8948163390159607,29900,0.0,0.0
2009-04-24,0.9106537990848803,0.9106537990848803,0.8631414712850136,0.8710601925849915,33100,0.0,0.0
2009-04-27,0.8868976178705754,0.9185725024521166,0.8710601755798048,0.8948163390159607,36200,0.0,0.0
2009-04-28,0.9106537644481408,0.9185724854469298,0.8868976014517738,0.9185724854469299,93700,0.0,0.0
2009-04-29,0.910653835716105,0.910653835716105,0.8868976708605755,0.9027351140975952,61100,0.0,0.0
2009-04-30,0.902735060161346,0.9106537813067314,0.831466475454276,0.8948163390159607,15300,0.0,0.0
2009-05-01,0.9264912727047957,0.9264912727047957,0.8868976648792688,0.910653829574585,18000,0.0,0.0
2009-05-04,0.9264912605285645,0.9344099819895997,0.894816374684424,0.9264912605285645,37000,0.0,0.0
2009-05-05,0.9027350470904585,1.069028377532959,0.8948163260597299,1.069028377532959,86400,0.0,0.0
2009-05-06,1.0690284126454976,1.5045584612350762,1.0690284126454976,1.2511591911315918,97000,0.0,0.0
2009-05-07,1.2907527857400163,1.3224276706126095,1.2669966220855713,1.2669966220855713,28700,0.0,0.0
2009-05-08,1.3065901504960393,1.4649647542404187,1.3065901504960393,1.417452335357666,30900,0.0,0.0
2009-05-11,1.4253711605937998,1.583745775948046,1.0611096963168,1.243240475654602,249400,0.0,0.0
2009-05-12,1.314508883105974,1.3382651399610337,1.148215651512146,1.148215651512146,50900,0.0,0.0
2009-05-13,1.259077910816554,1.259077910816554,1.1482157184878505,1.2194842100143433,29300,0.0,0.0
2009-05-14,1.2432404682551113,1.338265218022372,1.1957280461721789,1.2194842100143433,23200,0.0,0.0
2009-05-15,1.2353216584933162,1.2432404742105747,0.9581662235432085,1.2115654945373535,229100,0.0,0.0
2009-05-18,1.3065901965342648,1.567908273600558,1.2907527544815078,1.3461838960647583,76100,0.0,0.0
2009-05-19,1.2115654629931096,1.3461839107025229,1.1482156940932462,1.2907527685165405,37400,0.0,0.0
2009-05-20,1.2986715069581645,1.4253711408471408,1.2669966220855713,1.2669966220855713,21900,0.0,0.0
2009-05-21,1.266996605179092,1.3065902107415064,1.266996605179092,1.2907527685165405,7400,0.0,0.0
2009-05-22,1.2749153177154466,1.369940064824629,1.227402896961555,1.3382651805877686,39700,0.0,0.0
2009-05-26,1.464964834739502,1.464964834739502,1.2353216372515134,1.274915337562561,41800,0.0,0.0
2009-05-27,1.2907527959394396,1.5441521601183363,1.2194842100143433,1.2194842100143433,36000,0.0,0.0
2009-05-28,1.2590779124224127,1.3857775474741552,1.219484211569703,1.2511591911315918,7100,0.0,0.0
2009-05-29,1.3778587891733338,1.3778587891733338,1.1640531312668856,1.2986714839935303,28300,0.0,0.0
2009-06-01,1.274915261578735,1.3145088651314358,1.1719717979431152,1.1719717979431152,83200,0.0,0.0
2009-06-02,1.1878093137304346,1.3065902262237576,1.1719718713178053,1.2353216409683228,75800,0.0,0.0
2009-06-03,1.195728063583374,1.2036467849794013,1.1878093421873468,1.195728063583374,27900,0.0,0.0
2009-06-04,1.1957280532888865,1.2669966396381578,1.1878093319610346,1.243240475654602,29800,0.0,0.0
2009-06-05,1.2194842277714557,1.227402949167483,1.1878093421873468,1.195728063583374,21100,0.0,0.0
2009-06-08,1.2274028321008927,1.2353215527416523,1.1878092288970947,1.1878092288970947,17200,0.0,0.0
2009-06-09,1.1878093305813906,1.227402937174662,1.1878093305813906,1.2115654945373535,8100,0.0,0.0
2009-06-10,1.2669966220855713,1.2669966220855713,1.187809315505485,1.2669966220855713,37300,0.0,0.0
2009-06-11,1.306590177330997,1.306590177330997,0.9977597786453867,1.0927845239639282,65800,0.0,0.0
2009-06-12,1.1482156534784107,1.1878092576403152,1.1086219549179077,1.1086219549179077,16000,0.0,0.0
2009-06-15,1.1482157642691468,1.1719719290585093,1.1165407834847225,1.1244595050811768,6100,0.0,0.0
2009-06-16,1.11654069795941,1.1561343973074714,1.0769470930099487,1.0769470930099487,8200,0.0,0.0
2009-06-17,1.1482156991373607,1.2828340530395508,1.1482156991373607,1.2828340530395508,25600,0.0,0.0
2009-06-18,1.274915331892281,1.3224276587759003,1.18780930487371,1.2828340530395508,8400,0.0,0.0
2009-06-19,1.3461840219116883,1.3461840219116883,1.2669967098465402,1.3065903186798096,16700,0.0,0.0
2009-06-22,1.3461838743774914,1.3778587579727173,1.2669965709908273,1.3778587579727173,19800,0.0,0.0
2009-06-23,1.3382651954690423,1.3382651954690423,1.274915331892281,1.2828340530395508,27500,0.0,0.0
2009-06-24,1.2669965888836894,1.3224276359581466,1.243240425851779,1.3145089149475098,13500,0.0,0.0
2009-06-25,1.322427762213117,1.322427762213117,1.274915431613194,1.3065903186798096,10200,0.0,0.0
2009-06-26,1.3224276393134733,1.3224276393134733,1.069028377532959,1.069028377532959,171800,0.0,0.0
2009-06-29,1.1086220139805067,1.2590779066085815,1.076947128963482,1.2590779066085815,26900,0.0,0.0
2009-06-30,1.1482157184878505,1.235321652575786,1.1244594602470823,1.2194842100143433,22600,0.0,0.0
2009-07-01,1.2274028429168966,1.2274028429168966,1.164053077232575,1.1719717979431152,8600,0.0,0.0
2009-07-02,1.1719719354817772,1.1719719354817772,1.116540789604187,1.116540789604187,13300,0.0,0.0
2009-07-06,1.1086220618882683,1.156134485865601,1.1007033402918143,1.1244595050811768,12600,0.0,0.0
2009-07-07,1.1086220803787363,1.1086220803787363,1.0531910282790347,1.1007033586502075,15800,0.0,0.0
2009-07-08,1.1482157705622136,1.1561344922020682,1.0927846246846233,1.116540789604187,31500,0.0,0.0
2009-07-09,1.1482156534784107,1.1482156534784107,1.1086219549179077,1.1086219549179077,600,0.0,0.0
2009-07-10,1.1007033586502075,1.1086220803787363,1.0927846369216787,1.1007033586502075,1400,0.0,0.0
2009-07-13,1.0927845557894933,1.1165407192113384,0.9898410865628962,1.0135972499847412,90300,0.0,0.0
2009-07-14,1.0294346943894879,1.069028394572839,0.9898410886047393,1.0452722311019897,22900,0.0,0.0
2009-07-15,1.0373534312130233,1.0690284107177945,0.9819223822772302,0.989841103553772,13400,0.0,0.0
2009-07-16,1.0056785461068558,1.0294347099364813,0.989841103553772,0.989841103553772,22400,0.0,0.0
2009-07-17,0.9898411213802637,1.0294347284760321,0.9502475142844953,0.9660849571228027,36600,0.0,0.0
2009-07-20,0.9502474862112784,1.0690283983880375,0.9502474862112784,1.0056785345077515,26500,0.0,0.0
2009-07-21,1.0294346980633826,1.0373534192485931,1.0056785345077515,1.0056785345077515,9400,0.0,0.0
2009-07-22,1.1007032831288792,1.1007032831288792,0.9977598133225409,1.0056785345077515,8200,0.0,0.0
2009-07-23,1.0056786406293943,1.0373535287126467,0.9977599186085812,1.0215160846710205,13400,0.0,0.0
2009-07-24,1.0215159886599394,1.0373534312130233,0.9740036610006882,0.989841103553772,8000,0.0,0.0
2009-07-27,0.9977597786453867,1.1086219657839187,0.9819223368253963,1.0927845239639282,41100,0.0,0.0
2009-07-28,1.0690283343074953,1.1719717979431152,1.0690283343074953,1.1719717979431152,21000,0.0,0.0
2009-07-29,1.1323780999918172,1.1719717979431152,1.1323780999918172,1.1719717979431152,27900,0.0,0.0
2009-07-30,1.1482156358114946,1.1719717979431152,1.0769470550180356,1.1719717979431152,30800,0.0,0.0
2009-07-31,2.106381767211171,3.9593640963236494,1.932169724317267,2.3756184577941895,3775300,0.0,0.0
2009-08-03,2.724042739441194,2.8428235575929515,2.1380568035009047,2.3043501377105713,1281600,0.0,0.0
2009-08-04,2.4231311007965344,2.4231311007965344,1.9796823089116558,2.2805941104888916,222300,0.0,0.0
2009-08-05,2.3360248779752193,2.454805688775671,2.1459753918973017,2.264756202697754,259000,0.0,0.0
2009-08-06,2.304350073625051,2.304350073625051,2.145975465030005,2.1538941860198975,129300,0.0,0.0
2009-08-07,2.225162603750939,2.225162603750939,1.9559259099096833,2.0034382343292236,97500,0.0,0.0
2009-08-10,2.0034382100841035,2.3756184577941895,2.0034382100841035,2.3756184577941895,164200,0.0,0.0
2009-08-11,2.478561993051738,2.811148445826267,2.3756184368329905,2.7477986812591553,313900,0.0,0.0
2009-08-12,2.700286679612254,2.8349049453590918,2.5735869465827235,2.7873926162719727,171600,0.0,0.0
2009-08-13,2.811148686837328,3.009116906879354,2.2568376329602136,2.288512706756592,618200,0.0,0.0
2009-08-14,2.351862605642713,2.367700049010229,2.201406704854095,2.2805941104888916,100300,0.0,0.0
2009-08-17,2.2885126296715685,2.5656680528759686,2.2251626730098653,2.3993747234344482,57000,0.0,0.0
2009-08-18,2.4706431054833047,2.533993059406574,2.328106133949632,2.3756184577941895,62900,0.0,0.0
2009-08-19,2.518156003970349,2.518156003970349,2.2885128814039843,2.3677000999450684,122800,0.0,0.0
2009-08-20,2.391456227621036,2.454806001450292,2.367700062435065,2.415212392807007,134700,0.0,0.0
2009-08-21,2.4152122794778137,2.454805886263245,2.3756186726923825,2.4072935581207275,57000,0.0,0.0
2009-08-24,2.5181557903951663,2.5656681174901,2.3756186203131593,2.549830675125122,171400,0.0,0.0
2009-08-25,2.5735867828205623,2.65277399292693,2.4943995727141948,2.6290178298950195,71700,0.0,0.0
2009-08-26,2.7557177369559547,2.7557177369559547,2.5260746236758274,2.5577495098114014,150000,0.0,0.0
2009-08-27,2.597343013916329,2.6527740624433673,2.454805843192453,2.5339932441711426,141300,0.0,0.0
2009-08-28,2.6131803501844324,2.6131803501844324,2.4864808158416034,2.510236978530884,72300,0.0,0.0
2009-08-31,2.526074519178054,2.526074519178054,2.4152122334924426,2.4706432819366455,70900,0.0,0.0
2009-09-01,2.470643419658154,2.5181559383417462,2.4152123681240485,2.446887254714966,38500,0.0,0.0
2009-09-02,2.4468870225622705,2.510236978530884,2.4468870225622705,2.510236978530884,48600,0.0,0.0
2009-09-03,2.5023185205789473,2.5260746857645335,2.058869537389678,2.201406717300415,387900,0.0,0.0
2009-09-04,2.1538942144178934,2.367699872761103,2.1538942144178934,2.3518624305725098,76600,0.0,0.0
2009-09-08,2.3993746197164683,2.3993746197164683,2.3201874133088722,2.3756184577941895,54400,0.0,0.0
2009-09-09,2.4548056642017855,2.4548056642017855,2.3360248545903914,2.3756184577941895,49500,0.0,0.0
2009-09-10,2.3439435986952493,2.3993746437354604,2.193487716217483,2.264756202697754,97100,0.0,0.0
2009-09-11,2.2964314280063847,2.3281063130055557,2.21724402671125,2.288512706756592,48700,0.0,0.0
2009-09-14,2.4231309320747094,2.4231309320747094,2.3043501150890107,2.3360249996185303,35300,0.0,0.0
2009-09-15,2.3518622958719106,2.3914558990757087,2.3201874133088722,2.3756184577941895,67500,0.0,0.0
2009-09-16,2.454805685833793,2.454805685833793,2.256837479273094,2.3439435958862305,52100,0.0,0.0
2009-09-17,2.3756187082097435,2.3756187082097435,2.2568376972803716,2.359781265258789,52800,0.0,0.0
2009-09-18,2.3676997944482494,2.3676997944482494,2.2172439098358154,2.2172439098358154,120400,0.0,0.0
2009-09-21,2.2093252217221377,3.737639686585394,2.098463128427008,2.169731616973877,62700,0.0,0.0
2009-09-22,2.161812896024225,2.177650337923529,2.0509506139318954,2.169731616973877,60500,0.0,0.0
2009-09-23,2.185569127098167,2.256837617869762,2.185569127098167,2.241000175476074,24500,0.0,0.0
2009-09-24,2.248918885273349,2.320187564480895,2.209325279489826,2.2568376064300537,53800,0.0,0.0
2009-09-25,2.2805938101050742,2.3993746197164683,2.2330812974633245,2.3756184577941895,165700,0.0,0.0
2009-09-28,2.3993746408600116,2.3993746408600116,2.3122687130440696,2.3439435958862305,30800,0.0,0.0
2009-09-29,2.343943858791786,2.3518625803905198,2.21724412441483,2.3122689723968506,26000,0.0,0.0
2009-09-30,2.375618732693366,2.4548059482642595,2.3122689602366515,2.32810640335083,80900,0.0,0.0
2009-10-01,2.407293361570552,2.407293361570552,2.3360248751756902,2.3439435958862305,23300,0.0,0.0
2009-10-02,2.304350325112201,2.526074725824458,2.304350325112201,2.3677000999450684,58200,0.0,0.0
2009-10-05,2.415212392807007,2.4864810771621384,2.3756187841637217,2.415212392807007,88300,0.0,0.0
2009-10-06,2.4310496185983568,2.4310496185983568,2.312268803303637,2.3835372924804688,56400,0.0,0.0
2009-10-07,2.3201874133088722,2.3914558990757087,2.3201874133088722,2.3756184577941895,15900,0.0,0.0
2009-10-08,2.367699872761103,2.367699872761103,2.3043501040067307,2.3518624305725098,18400,0.0,0.0
2009-10-09,2.383537178434949,2.383537178434949,2.3360248545903914,2.3756184577941895,39100,0.0,0.0
2009-10-12,2.3914559972031926,2.4864808375886094,2.3835372762375076,2.478562116622925,60500,0.0,0.0
2009-10-13,2.446887254714966,2.446887254714966,2.4152123681240485,2.446887254714966,13300,0.0,0.0
2009-10-14,2.4706432068600397,2.478562116622925,2.438968322997301,2.478562116622925,22900,0.0,0.0
2009-10-15,2.4389684435490726,2.4389684435490726,2.3756186726923825,2.4072935581207275,21400,0.0,0.0
2009-10-16,2.3756185938553998,2.4943995990670507,2.336024988383917,2.3518624305725098,66400,0.0,0.0
2009-10-19,2.3676998956904503,2.3676998956904503,2.264756331670463,2.320187568664551,27000,0.0,0.0
2009-10-20,2.296431541124427,2.304350262764282,2.233081579208374,2.233081579208374,41900,0.0,0.0
2009-10-21,2.23308145427923,2.2647563390666057,2.201406569491855,2.241000175476074,36200,0.0,0.0
2009-10-22,2.1855690479278564,2.2568375361178132,2.1776503270178615,2.1855690479278564,45400,0.0,0.0
2009-10-23,2.1776504737612514,2.1776504737612514,1.8292263526481203,1.9242511987686157,231900,0.0,0.0
2009-10-26,1.9004950302015005,1.9004950302015005,1.536233467013112,1.639176845550537,173700,0.0,0.0
2009-10-27,1.7104455088245394,1.7658765582113338,1.6550142706405357,1.6629329919815063,104700,0.0,0.0
2009-10-28,1.607501942594712,1.781714000893275,1.607501942594712,1.6629329919815063,40500,0.0,0.0
2009-10-29,1.702526795978054,1.8133888953047717,1.6787704430394044,1.7183642387390137,82800,0.0,0.0
2009-10-30,1.7342016874854562,1.742120408893267,1.702526801854213,1.710445523262024,31200,0.0,0.0
2009-11-02,1.702526693209329,1.7817139022341912,1.6233392953872678,1.623339295387268,41700,0.0,0.0
2009-11-03,1.6550142015629588,1.662932922573415,1.591664433479309,1.591664433479309,71700,0.0,0.0
2009-11-04,1.5837457465209535,1.5837457465209535,1.5441521406173706,1.5441521406173706,34800,0.0,0.0
2009-11-05,1.504558387451375,1.6550141789972128,1.4649647829389438,1.623339295387268,29900,0.0,0.0
2009-11-06,1.623339317521134,1.7421203214751784,1.583745712468853,1.591664433479309,57600,0.0,0.0
2009-11-09,1.4966396665488888,1.7579577395267327,1.4966396665488888,1.623339295387268,107400,0.0,0.0
2009-11-10,1.7025267874835688,1.7025267874835688,1.6233393852766533,1.6629329919815063,32500,0.0,0.0
2009-11-11,1.6391768249769838,1.74212039101956,1.6391768249769838,1.7342016696929932,15900,0.0,0.0
2009-11-12,1.7104453933935766,1.7342015558132824,1.6787703213701062,1.7262828350067139,20700,0.0,0.0
2009-11-13,1.7421204028804531,1.7421204028804531,1.6787704430394044,1.7183642387390137,18400,0.0,0.0
2009-11-16,1.7342016899695525,1.9321699142456052,1.6629330083999585,1.9321699142456055,23700,0.0,0.0
2009-11-17,1.9400885154050087,1.9796821200464987,1.821307512683339,1.860901117324829,56400,0.0,0.0
2009-11-18,1.9004949553904296,2.2410001521000953,1.8925762342761863,2.106381893157959,50900,0.0,0.0
2009-11-19,2.0826256556853404,2.272674955662482,2.0826256556853404,2.2172439098358154,46600,0.0,0.0
2009-11-20,2.2885128217603787,2.486481051750829,2.1934879731904102,2.446887254714966,121600,0.0,0.0
2009-11-23,2.5735867630005345,2.613180367748795,2.1459754541249207,2.169731616973877,122000,0.0,0.0
2009-11-24,2.145975596623689,2.407293594111653,2.145975596623689,2.359781265258789,62200,0.0,0.0
2009-11-25,2.3756186203131593,2.557749396307611,2.3756186203131593,2.549830675125122,88800,0.0,0.0
2009-11-27,2.7398803201663955,2.7398803201663955,2.4310497997881213,2.5260746479034424,57400,0.0,0.0
2009-11-30,2.7398801533443704,2.8349048068767466,2.4943996095885277,2.8111486434936523,152400,0.0,0.0
2009-12-01,2.7794738627860864,2.961604644322266,2.5577494741327396,2.60526180267334,193400,0.0,0.0
2009-12-02,2.8428234673164146,3.1674914042154945,2.6606926964702473,2.9695231914520264,334000,0.0,0.0
2009-12-03,2.9774419759725146,2.9774419759725146,2.7319614322166723,2.8111486434936523,100900,0.0,0.0
2009-12-04,2.7873925600907037,3.0091169468255083,2.7557176746710472,2.929929733276367,175600,0.0,0.0
2009-12-07,2.9378483900039214,3.167491493041907,2.850742268218834,3.088304281234741,115200,0.0,0.0
2009-12-08,3.0883041674373906,3.127897771882034,3.0091167697509045,3.080385446548462,73800,0.0,0.0
2009-12-09,3.0962228296976213,3.1278977126535548,2.731961298109996,2.9140920639038086,170000,0.0,0.0
2009-12-10,3.0962229155876377,3.0962229155876377,2.8744985399482172,2.9695231914520264,40800,0.0,0.0
2009-12-11,2.929929614456817,2.9932793827270614,2.8111486101529075,2.858660936355591,35100,0.0,0.0
2009-12-14,2.858660854455753,2.9299295305151514,2.7873923671935503,2.803229808807373,49300,0.0,0.0
2009-12-15,2.8032301475745713,2.826986312866211,2.7636365387551716,2.826986312866211,44200,0.0,0.0
2009-12-16,2.850742478157851,2.89825499753835,2.826986312866211,2.826986312866211,60800,0.0,0.0
2009-12-17,2.8349050356231458,2.8665799226897613,2.5973431938263114,2.613180637359619,90700,0.0,0.0
2009-12-18,2.621099124963829,2.7002865243531824,2.597342961786184,2.676530361175537,149800,0.0,0.0
2009-12-21,2.7002864911519233,2.7715549798085806,2.6606926975454694,2.7240426540374756,136500,0.0,0.0
2009-12-22,2.7557176104139454,3.238760168191875,2.7240427257328754,3.024954319000244,294100,0.0,0.0
2009-12-23,3.048710251750128,3.088304043401764,2.7082050784047103,2.7477986812591553,204300,0.0,0.0
2009-12-24,2.826986236161133,2.826986236161133,2.668611616383519,2.771555185317993,74400,0.0,0.0
2009-12-28,2.890335988745936,3.0724667600256637,2.6369365398714977,2.644855260848999,324200,0.0,0.0
2009-12-29,2.652774275490192,2.6923680735579554,2.3518626562368516,2.3677000999450684,312400,0.0,0.0
2009-12-30,2.3676999034227815,2.4072935094070007,2.2172440118855428,2.241000175476074,306200,0.0,0.0
2009-12-31,2.296431517122473,2.4785623017327416,2.177650504968919,2.32810640335083,173700,0.0,0.0
2010-01-04,2.375618761868154,2.6844492839817895,2.375618761868154,2.6606929302215576,338600,0.0,0.0
2010-01-05,2.605261522185962,2.890335840332348,2.605261522185962,2.7477986812591553,302200,0.0,0.0
2010-01-06,3.064547842955835,3.064547842955835,2.803229862523161,2.9695231914520264,203300,0.0,0.0
2010-01-07,2.969523364140791,3.088304374225307,2.779473861283892,2.898254871368408,204400,0.0,0.0
2010-01-08,3.088304223929629,3.088304223929629,2.787392447051566,2.858660936355591,114800,0.0,0.0
2010-01-11,3.0487104588587908,3.1674914642884904,2.858660963449593,2.890336036682129,363000,0.0,0.0
2010-01-12,2.8982548478567107,2.9695233400509378,2.7240427892513908,2.929929733276367,321100,0.0,0.0
2010-01-13,2.9299295866587727,3.00911679624528,2.850742188275065,2.9695231914520264,157500,0.0,0.0
2010-01-14,3.1595728984954743,3.1595728984954743,2.8903361787630177,3.017035722732544,130600,0.0,0.0
2010-01-15,3.09622302188617,3.1041417431166836,2.9536858509397166,2.993279457092285,153400,0.0,0.0
2010-01-19,3.1595727255855177,3.1595727255855177,2.811148621142661,2.8428235054016113,223800,0.0,0.0
2010-01-20,2.8903361357868635,2.8903361357868635,2.7557176835236588,2.8507423400878906,171700,0.0,0.0
2010-01-21,2.850742405473715,3.0011983039485446,2.8269862407877753,2.985360860824585,61500,0.0,0.0
2010-01-22,2.977442061405852,3.0091169468255083,2.81906744551036,2.929929733276367,177600,0.0,0.0
2010-01-25,2.9299296492063265,3.017035581611005,2.795311201238256,2.8111486434936523,225500,0.0,0.0
2010-01-26,2.8032300118057747,2.922011021308274,2.7953112904254223,2.8507423400878906,126500,0.0,0.0
2010-01-27,2.969523278993143,2.969523278993143,2.7715550603936,2.7794737815856934,129700,0.0,0.0
2010-01-28,2.7794738034048247,2.7794738034048247,2.518155813217163,2.518155813217163,256600,0.0,0.0
2010-01-29,2.7715550000376243,2.7794737210572724,2.3835372924804688,2.3835372924804688,206900,0.0,0.0
2010-02-01,2.3835373522291183,2.5656681290437358,2.3835373522291183,2.5339932441711426,87900,0.0,0.0
2010-02-02,2.581505541993206,2.8824173224401384,2.557749378610112,2.8111486434936523,181800,0.0,0.0
2010-02-03,2.842823468465238,2.8903359830335424,2.7240426540374756,2.7240426540374756,112600,0.0,0.0
2010-02-04,2.8032298165895733,2.8111485374184686,2.494399515465473,2.5419118404388428,183200,0.0,0.0
2010-02-05,2.731961321545171,2.8111485296142846,2.5735867166097472,2.803229808807373,101700,0.0,0.0
2010-02-08,2.811148607525194,2.9299296117180735,2.692367792129516,2.6923677921295166,49000,0.0,0.0
2010-02-09,2.811148756733249,2.8507423639666616,2.6527741390023873,2.8190674781799316,67200,0.0,0.0
2010-02-10,2.8111486367965948,2.9299296422262944,2.8111486367965948,2.890336036682129,87400,0.0,0.0
2010-02-11,2.834904800123094,2.9536858055527935,2.8111486367965948,2.890336036682129,89800,0.0,0.0
2010-02-12,2.8032298087403986,3.1278977394104004,2.8032298087403986,3.1278977394104004,88800,0.0,0.0
2010-02-16,2.9695232423192497,3.222922694931145,2.9695232423192497,3.1358165740966797,477700,0.0,0.0
2010-02-17,3.191248018984933,3.405053691292499,3.135816778907256,3.397134780883789,424200,0.0,0.0
2010-02-18,3.4842410669504353,4.070226870627678,3.405053847209517,4.030633449554443,869200,0.0,0.0
2010-02-19,4.109820000603796,4.7353995011633065,4.038551325635573,4.196926116943359,1478300,0.0,0.0
2010-02-22,4.276113571289618,4.774993569752195,4.276113571289618,4.42656946182251,1069000,0.0,0.0
2010-02-23,4.505756562687648,4.577025240031717,4.054388902165878,4.339463233947754,733800,0.0,0.0
2010-02-24,4.355300675847058,4.3948944693925185,4.196926256854016,4.339463233947754,362300,0.0,0.0
2010-02-25,4.276113794366944,4.719562579158375,4.189007668441748,4.65621280670166,690400,0.0,0.0
2010-02-26,4.719562483165278,4.862099468293769,4.5374317022594415,4.782912254333496,946400,0.0,0.0
2010-03-01,4.846261978149414,4.933368101451819,4.703724994413637,4.846261978149414,648800,0.0,0.0
2010-03-02,5.099661045228486,5.661890781948642,4.806668190203724,5.456003665924072,1463800,0.0,0.0
2010-03-03,5.4322482689497065,5.606460143028146,5.321385789668998,5.543110370635986,1009100,0.0,0.0
2010-03-04,5.614378870782962,5.653972288443186,5.3451419692780044,5.46392297744751,674900,0.0,0.0
2010-03-05,5.495597411008552,5.693565615824734,3.2466784834665154,4.751236915588379,4133600,0.0,0.0
2010-03-08,4.838343478797452,5.305548228598206,4.71164355923597,5.028392791748047,647900,0.0,0.0
2010-03-09,5.067986315596096,5.067986315596096,4.165251372308774,4.584943771362305,944300,0.0,0.0
2010-03-10,4.711643123587389,4.774993266307851,4.394894297957005,4.751236915588379,817900,0.0,0.0
2010-03-11,4.751237490373442,4.870018503151664,4.50575693201548,4.624537944793701,584100,0.0,0.0
2010-03-12,4.774993550757295,5.297629521775576,4.711643404263024,5.163011074066162,1419800,0.0,0.0
2010-03-15,5.163011094604594,5.163011094604594,4.394894577246576,4.42656946182251,1302500,0.0,0.0
2010-03-16,4.42656946182251,4.42656946182251,4.42656946182251,4.42656946182251,3000,0.0,0.0
2010-03-17,6.081583430422871,6.327063971774384,4.838343281565026,4.980880260467529,3318800,0.0,0.0
2010-03-18,5.067986361301965,5.067986361301965,4.656212490685865,4.7670745849609375,987300,0.0,0.0
2010-03-19,4.434487819671631,4.735399588896499,4.086063725452478,4.434487819671631,1816400,0.0,0.0
2010-03-22,4.434488157390231,4.497837928873825,3.9752019365397513,4.078145503997803,905300,0.0,0.0
2010-03-23,4.117738537519789,4.220682095356381,3.967283033105555,4.038551330566406,599800,0.0,0.0
2010-03-24,3.9593643400437406,4.307788447278919,3.761396123041554,4.299869537353516,850500,0.0,0.0
2010-03-25,4.260276419400547,4.6087005510803305,3.9831209716718026,4.561188220977783,684400,0.0,0.0
2010-03-26,4.521594204506103,4.545350179608214,4.078145434124405,4.17317008972168,575700,0.0,0.0
2010-03-29,4.157332922576107,4.394894954903947,4.046470817033854,4.12565803527832,247700,0.0,0.0
2010-03-30,4.196926824569917,4.196926824569917,4.006877118475951,4.086064338684082,156500,0.0,0.0
2010-03-31,4.157332761791039,4.157332761791039,3.8009901046752925,3.800990104675293,447200,0.0,0.0
2010-04-01,3.959364295442486,3.991039179598473,3.808908406904343,3.8880956172943115,333900,0.0,0.0
2010-04-05,3.9118519580619253,3.9435268421276573,3.808908396051095,3.903933048248291,180600,0.0,0.0
2010-04-06,3.9593646401309,3.998958437569984,3.8801774228471695,3.9752020835876465,151600,0.0,0.0
2010-04-07,3.9672831613133344,4.1494135543946955,3.959364251564893,4.093982696533203,387600,0.0,0.0
2010-04-08,4.078145333098624,4.078145333098624,3.8960145589184716,3.9831206798553467,222100,0.0,0.0
2010-04-09,4.022713910131627,4.030632819665412,3.8405831443928617,4.006876468658447,225700,0.0,0.0
2010-04-12,3.983120720902159,4.062307932754263,3.9118520414380598,4.022714138031006,216900,0.0,0.0
2010-04-13,3.919770630564401,4.11773885185744,3.919770630564401,3.9435269832611084,226600,0.0,0.0
2010-04-14,3.959364123613023,4.038551330566406,3.88017691665964,4.038551330566406,210600,0.0,0.0
2010-04-15,3.943527005408847,4.141495227813721,3.9356080952673316,4.141495227813721,263200,0.0,0.0
2010-04-16,4.157332535350241,4.3948945455508746,4.157332535350241,4.331544399261475,388000,0.0,0.0
2010-04-19,4.212763957197652,4.363219853268398,4.062308061126904,4.078145503997803,234700,0.0,0.0
2010-04-20,4.093982564230968,4.181088680676883,3.959364123613023,4.038551330566406,284200,0.0,0.0
2010-04-21,3.9514458522190767,4.101901758524045,3.9514458522190767,4.030633449554443,121300,0.0,0.0
2010-04-22,4.101901296069321,4.101901296069321,3.927689432280217,3.998958110809326,73900,0.0,0.0
2010-04-23,4.046470537054256,4.070226512086674,3.959364414215088,3.959364414215088,149200,0.0,0.0
2010-04-26,3.9593640504170833,4.101901020298121,3.872257935581481,4.0464701652526855,210000,0.0,0.0
2010-04-27,4.070226679348119,4.204845135378535,3.9356082233177037,3.9672834873199463,238200,0.0,0.0
2010-04-28,3.9672834510050756,4.046470666299758,3.9356081872927753,4.014795780181885,121900,0.0,0.0
2010-04-29,4.01479559131481,4.212763809035758,4.006876681360656,4.181088924407959,176000,0.0,0.0
2010-04-30,4.220682371112191,4.394894615386075,4.173170043835971,4.236519813537598,203300,0.0,0.0
2010-05-03,4.236519820791973,4.379057180459117,4.204844935886921,4.363219738006592,212200,0.0,0.0
2010-05-04,4.291951155786905,4.38697581266325,4.236519917145159,4.3236260414123535,235500,0.0,0.0
2010-05-05,4.27611360839832,4.331544468090037,4.157332601410564,4.236519813537598,161900,0.0,0.0
2010-05-06,4.141495101927477,4.307788433900416,3.1912478143058816,3.9831206798553467,356900,0.0,0.0
2010-05-07,3.959364414215088,4.030633094501172,3.880177201449669,3.959364414215088,163400,0.0,0.0
2010-05-10,3.9989580451183016,4.117738670589729,3.9356078999139674,4.093982696533203,163900,0.0,0.0
2010-05-11,4.196926599659448,4.505756930718376,4.196926599659448,4.497838020324707,599100,0.0,0.0
2010-05-12,4.43448772873605,4.553268727583185,4.21276354997616,4.315706729888916,349500,0.0,0.0
2010-05-13,4.402813241041284,4.751237359373325,4.363219822936491,4.569106578826904,374500,0.0,0.0
2010-05-14,4.584943914590729,5.139254775877455,4.482000350250665,4.854180812835693,800100,0.0,0.0
2010-05-17,5.4243293966301955,5.6143790927334285,4.830424709898544,4.838343620300293,3122700,0.0,0.0
2010-05-18,4.862099672528642,4.980880687255715,4.592863133754304,4.830424785614014,670100,0.0,0.0
2010-05-19,4.751236957456782,4.838343074069918,4.6007810751593246,4.687887191772461,469000,0.0,0.0
2010-05-20,4.6641308784180024,4.6641308784180024,4.339463137873128,4.379056930541992,568200,0.0,0.0
2010-05-21,4.27611357815897,4.616618776694471,4.1652514819651065,4.513675212860107,230300,0.0,0.0
2010-05-24,4.53743146954387,4.577025263290532,4.284032020272917,4.307788372039795,197000,0.0,0.0
2010-05-25,4.244438723547507,4.31570702566463,4.189007486261378,4.236519813537598,327100,0.0,0.0
2010-05-26,4.386975681794828,4.434488008815655,4.244438700732348,4.268194675445557,226100,0.0,0.0
2010-05-27,4.371137985756464,4.774993308385597,4.299869310564408,4.687887191772461,388300,0.0,0.0
2010-05-28,4.672050036539584,4.870018255226903,4.442406933069848,4.854180812835693,315900,0.0,0.0
2010-06-01,4.743318657764956,4.870018583016926,4.569106779735846,4.616619110107422,215700,0.0,0.0
2010-06-02,4.6958061209133115,4.735399916612524,4.482000454845289,4.569106578826904,203700,0.0,0.0
2010-06-03,4.600781519588206,4.743318506146798,4.489919418931523,4.719562530517578,250900,0.0,0.0
2010-06-04,4.751237298442297,4.822505978749145,4.4186506271362305,4.4186506271362305,350700,0.0,0.0
2010-06-07,4.347381799732887,4.497837687737451,4.117738701619187,4.149413585662842,388000,0.0,0.0
2010-06-08,4.109820342436494,4.228601351398302,4.014795686304815,4.141495227813721,282800,0.0,0.0
2010-06-09,4.196926299824551,4.347381810611191,4.196926299824551,4.276113510131836,197100,0.0,0.0
2010-06-10,4.355300738752782,4.50575662776648,4.228601201728366,4.489919185638428,216800,0.0,0.0
2010-06-11,4.394894620056255,4.69580602645874,4.394894620056255,4.69580602645874,330100,0.0,0.0
2010-06-14,4.751237643598353,4.830424862139437,4.703725312473703,4.735400199890137,344200,0.0,0.0
2010-06-15,4.751237035989324,4.949205245822212,4.751237035989324,4.925448894500732,436900,0.0,0.0
2010-06-16,4.885855513025313,5.155092401098222,4.759155978682484,5.020473957061768,872600,0.0,0.0
2010-06-17,5.060067547929571,5.424329099370577,5.060067547929571,5.345141887664795,1210400,0.0,0.0
2010-06-18,5.432248128599478,5.432248128599478,5.060067659019734,5.186767578125,342400,0.0,0.0
2010-06-21,5.360979379223799,5.360979379223799,4.814587047045996,4.909611701965332,432900,0.0,0.0
2010-06-22,4.996717741906817,5.186767426200815,4.909611620872302,5.163011074066162,663500,0.0,0.0
2010-06-23,5.218442440032959,5.34514198097398,5.123417406732776,5.218442440032959,884900,0.0,0.0
2010-06-24,5.258035875854067,5.2897107611982035,5.036311678445113,5.060067653656006,538200,0.0,0.0
2010-06-25,5.14717369166473,5.321385558164149,5.004636709983387,5.313467025756836,3515400,0.0,0.0
2010-06-28,5.305548233648948,5.305548233648948,5.075905124817822,5.155092716217041,639300,0.0,0.0
2010-06-29,5.240867882845804,5.240867882845804,4.992119690883354,5.1036272048950195,560500,0.5,0.0
2010-06-30,5.069316966628946,5.1894026069104235,5.000696834472817,5.077894687652588,266900,0.0,0.0
2010-07-01,5.000696805424168,5.172247543826217,4.829146476030366,5.137937068939209,313900,0.0,0.0
2010-07-02,5.197980233182653,5.2065579547248815,4.974964790192278,5.120782375335693,310800,0.0,0.0
2010-07-06,5.172247515133141,5.172247515133141,4.777681350708008,4.777681350708008,329300,0.0,0.0
2010-07-07,4.8377238345771385,4.923499000099946,4.64901847042696,4.846301555633545,354100,0.0,0.0
2010-07-08,5.129360130988641,5.129360130988641,4.700483867223732,4.88918924331665,268900,0.0,0.0
2010-07-09,4.863456632697207,5.026429653167725,4.7347936787459295,5.026429653167725,207500,0.0,0.0
2010-07-12,5.0178522693094445,5.3437983321589915,4.992119922194539,5.24944543838501,402200,0.0,0.0
2010-07-13,5.481038321533353,5.481038321533353,5.129359929914772,5.215135097503662,285400,0.0,0.0
2010-07-14,5.300910153412918,5.300910153412918,5.0350069349852795,5.086472034454346,185900,0.0,0.0
2010-07-15,5.103627271939681,5.1122049933654035,4.96638700119428,5.052162170410156,216400,0.0,0.0
2010-07-16,5.026429681887877,5.026429681887877,4.846301627128518,4.914921760559082,265400,0.0,0.0
2010-07-19,4.940654720264088,4.940654720264088,4.70048383427558,4.880611896514893,279300,0.0,0.0
2010-07-20,4.751948739157364,4.974964581814954,4.683328605726801,4.914921760559082,323600,0.0,0.0
2010-07-21,4.940654719308983,4.992119821509084,4.760526657104492,4.760526657104492,258900,0.0,0.0
2010-07-22,4.837724042866332,5.052162170410156,4.777681628919355,5.052162170410156,351500,0.0,0.0
2010-07-23,5.0435849289735035,5.558236360519962,5.00069713925785,5.532503604888916,713000,0.0,0.0
2010-07-26,5.575391463540127,5.738364493863062,5.197980300004109,5.481038570404053,794400,0.0,0.0
2010-07-27,5.575391463540127,5.575391463540127,5.2751781588434685,5.481038570404053,299600,0.0,0.0
2010-07-28,5.489616116411362,5.549658530024614,5.240867922563771,5.283755302429199,305000,0.0,0.0
2010-07-29,5.335220258675689,5.395263079665407,5.052162005025214,5.146514892578125,558400,0.0,0.0
2010-07-30,5.575391248758963,5.575391248758963,5.146514998854427,5.275177955627441,156900,0.0,0.0
2010-08-02,5.532503568564585,5.532503568564585,5.258023025013022,5.352375507354736,199800,0.0,0.0
2010-08-03,5.300910368981388,5.343798158120491,5.189402853434603,5.223712921142578,184500,0.0,0.0
2010-08-04,5.249444999740237,5.36095291860929,5.223712654775532,5.309487819671631,267600,0.0,0.0
2010-08-05,5.275177818376274,5.386685738612189,5.258022785186768,5.258022785186768,152300,0.0,0.0
2010-08-06,5.21513492518351,5.318065122889126,5.137937072400175,5.1894025802612305,238200,0.0,0.0
2010-08-09,5.266600202781395,5.360953091717945,5.146514968049226,5.3352203369140625,312500,0.0,0.0
2010-08-10,5.258022953077941,5.2923330205524906,5.146515029281524,5.163670063018799,375400,0.0,0.0
2010-08-11,5.155092492289014,5.155092492289014,4.846301491485936,4.897766590118408,397900,0.0,0.0
2010-08-12,5.352375232656448,5.36095295370634,5.095049736283495,5.318065166473389,870100,0.0,0.0
2010-08-13,5.3952630198894,5.446728119163991,5.232290001015737,5.318065166473389,471000,0.0,0.0
2010-08-16,5.3437982291504635,5.515348569970593,5.258023058740399,5.412418365478516,714000,0.0,0.0
2010-08-17,5.395263195037842,5.506771118256837,5.34379809409252,5.395263195037842,418100,0.0,0.0
2010-08-18,5.369530845128753,5.369530845128753,5.189402787448187,5.275177955627441,375600,0.0,0.0
2010-08-19,5.27517819216999,5.506771361142902,5.206558054549613,5.420996189117432,737800,0.0,0.0
2010-08-20,5.4553061894126555,5.481038536192975,5.2408680575380355,5.472461223602295,369500,0.0,0.0
2010-08-23,5.489616223351711,5.549658638134619,5.386686018859634,5.412418365478516,334900,0.0,0.0
2010-08-24,5.420996086167018,5.420996086167018,5.206557955671605,5.292333126068115,317500,0.0,0.0
2010-08-25,5.309488194469109,5.309488194469109,5.077895028397326,5.300910472869873,514300,0.0,0.0
2010-08-26,5.326643095448663,5.532503500582782,5.309488061687486,5.455306053161621,360100,0.0,0.0
2010-08-27,5.506771172471525,6.4502988504414,5.3952632481547225,6.278748512268066,1851300,0.0,0.0
2010-08-30,6.578961951508781,6.990682772069749,6.373101132220019,6.536074161529541,2194200,0.0,0.0
2010-08-31,6.707624657351498,6.707624657351498,6.227283309289168,6.27017068862915,1014900,0.0,0.0
2010-09-01,6.450298824826679,6.819132254938811,6.218705664708221,6.63042688369751,1094000,0.0,0.0
2010-09-02,6.518918860970719,6.71620195059916,6.458876448263102,6.673314571380615,479800,0.0,0.0
2010-09-03,6.733357198388628,7.608264752193149,6.664737062248395,7.53106689453125,2013100,0.0,0.0
2010-09-07,7.573954391136271,8.097183113469388,7.290896136003344,7.848434925079346,2280500,0.0,0.0
2010-09-08,8.019986170291288,8.611835033008768,7.917055150846354,8.500327110290527,2695600,0.0,0.0
2010-09-09,8.646145579328111,8.920626131682473,7.8913232423370445,8.791963577270508,2647500,0.0,0.0
2010-09-10,8.877739021771115,8.912049090285485,8.466017381582123,8.654723167419434,1236800,0.0,0.0
2010-09-13,8.77480733942907,9.907041151432159,8.371664269155964,9.572517395019531,2239000,0.0,0.0
2010-09-14,9.538208113071128,10.018549893707998,9.186529703791408,9.255149841308594,2245200,0.0,0.0
2010-09-15,9.10075371517867,9.461009830012935,8.757653042963428,9.083599090576172,1388900,0.0,0.0
2010-09-16,9.006401311341136,9.641137969340257,8.963513522445728,9.443855285644531,1238700,0.0,0.0
2010-09-17,9.45243334770482,9.64971603851087,9.263727560573749,9.495320320129395,812300,0.0,0.0
2010-09-20,9.529629978392832,10.550355911254883,9.521053075087302,10.550355911254883,1699500,0.0,0.0
2010-09-21,10.773371969407044,11.1850927847647,10.601820811658143,10.807682037353516,1940100,0.0,0.0
2010-09-22,10.816259147533412,11.047852724110404,10.267298049898873,10.481736183166504,1190200,0.0,0.0
2010-09-23,10.293029948047034,11.142204722436947,10.250142159660198,11.013542175292969,79400,0.0,0.0
2010-09-24,11.150782991911903,11.493883679841028,11.150782991911903,11.322333335876465,1221200,0.0,0.0
2010-09-27,11.365220344334555,11.57108074292684,11.176514569950037,11.399530410766602,988900,0.0,0.0
2010-09-28,11.408108746651434,11.836985009172041,11.227980683672119,11.828407287597656,1071500,0.0,0.0
2010-09-29,11.931337131066527,12.317325592041016,11.716899006301086,12.317325592041016,1386000,0.0,0.0
2010-09-30,12.617539712197747,12.763357707313517,12.068577800113871,12.59180736541748,1667500,0.0,0.0
2010-10-01,12.77193465393903,12.909174919128418,12.351635319275902,12.909174919128418,1042600,0.0,0.0
2010-10-04,12.952062880751448,14.79623040057275,12.82339951689308,14.41024112701416,4210600,0.0,0.0
2010-10-05,14.401665321832755,15.971352338098551,14.152916310474009,15.911308288574219,5556400,0.0,0.0
2010-10-06,15.954197299424818,17.137895064605793,12.917753392271694,13.715462684631348,11789100,0.0,0.0
2010-10-07,14.255847093943407,14.255847093943407,12.480298884601684,13.809815406799316,4617500,0.0,0.0
2010-10-08,13.835547403196747,13.955633868286181,12.703315158587532,12.934907913208008,2602200,0.0,0.0
2010-10-11,12.969217431134892,13.929900112920828,12.162930457891585,13.509601593017578,2821100,0.0,0.0
2010-10-12,13.423826299992037,14.46170767589922,13.295163752177576,13.88701343536377,1823800,0.0,0.0
2010-10-13,13.989942821177102,15.173642187716593,13.938478129250663,15.010668754577637,1809000,0.0,0.0
2010-10-14,15.11359963149986,15.86842110473544,14.46170754114352,14.873428344726562,2252200,0.0,0.0
2010-10-15,14.839117522906765,15.079288810702339,14.264423285280218,14.75334358215332,1060800,0.0,0.0
2010-10-18,14.79623048581235,14.916315311152138,14.538905392646223,14.77049732208252,696700,0.0,0.0
2010-10-19,14.701877099711426,14.701877099711426,13.338051332880612,13.629687309265137,1238100,0.0,0.0
2010-10-20,13.741195581052386,14.032831564872454,13.149345892001884,13.9213228225708,921900,0.0,0.0
2010-10-21,14.152915870858847,14.315889299582222,13.578221645812954,13.895590782165527,564000,0.0,0.0
2010-10-22,13.732618068515803,15.516743248181227,13.681152557287366,15.105022430419922,2316100,0.0,0.0
2010-10-25,15.593940628327124,15.602518349605194,14.384509740681045,14.547481536865234,1163600,0.0,0.0
2010-10-26,14.470285201783499,15.499587206430112,13.989942630248711,14.993513107299805,1086300,0.0,0.0
2010-10-27,15.328037461377557,15.945618654940455,14.75334323718859,15.24226188659668,1748100,0.0,0.0
2010-10-28,15.73975857050678,16.391650661376147,15.250839911363014,15.99708366394043,2465600,0.0,0.0
2010-10-29,16.38307314720986,16.683286850699254,15.78264574023107,15.911308288574219,1414200,0.0,0.0
2010-11-01,16.091436673319723,16.151479084976067,14.667567691632376,15.182219505310059,1801800,0.0,0.0
2010-11-02,15.345192092962273,15.774068353903942,15.070711547724903,15.585363388061523,645300,0.0,0.0
2010-11-03,15.782646109481576,16.039972848221353,15.267994268035123,15.525321006774902,655300,0.0,0.0
2010-11-04,15.851266038583447,15.851266038583447,15.456700668123567,15.611096382141113,610300,0.0,0.0
2010-11-05,15.714025215232377,15.997083468972782,14.942048308307001,15.542475700378418,996000,0.0,0.0
2010-11-08,15.319460175368103,15.533898300393824,14.796230626774765,14.907737731933594,901700,0.0,0.0
2010-11-09,14.993512889916097,15.062133022564314,12.334480704756409,12.506031036376953,3033100,0.0,0.0
2010-11-10,12.720469656753586,14.11860552807757,11.77694156862894,13.278008460998535,3252600,0.0,0.0
2010-11-11,13.140768128305202,13.861280364126438,12.703314971999339,13.50102424621582,860500,0.0,0.0
2010-11-12,13.252275933890612,13.432403991237404,12.694737137254437,12.960639953613281,803600,0.0,0.0
2010-11-15,12.874865489487984,13.012105761463847,12.025690693124922,12.111465454101562,1097100,0.0,0.0
2010-11-16,12.11146520179102,12.11146520179102,11.50246089407272,11.67401123046875,1164700,0.0,0.0
2010-11-17,11.66543453492196,12.137197763908977,11.519616541884194,11.931337356567383,757000,0.0,0.0
2010-11-18,12.060000967841521,12.077155593124282,11.279445476070203,11.54534912109375,1047100,0.0,0.0
2010-11-19,11.545348600687682,11.613968734758794,10.207254350267949,10.430270195007324,2525700,0.0,0.0
2010-11-22,10.378805399028856,11.991379351490506,9.958506059551766,11.759786605834961,2663800,0.0,0.0
2010-11-23,11.330910277902506,11.742631075087079,11.253712423926272,11.399530410766602,752100,0.0,0.0
2010-11-24,11.905605017892546,12.831977669548413,11.794097092672565,12.514609336853027,1800900,0.0,0.0
2010-11-26,12.523186918506354,12.76335739121268,12.222973214111049,12.377368927001953,377500,0.0,0.0
2010-11-29,12.07715515276223,12.531763749402822,11.716899036777905,12.257283210754395,799000,0.0,0.0
2010-11-30,12.01711228156925,12.034266905572899,11.631123834297435,11.905604362487793,2076300,0.0,0.0
2010-12-01,12.10288765831705,12.334481229367315,11.682589123466428,11.751209259033203,674100,0.0,0.0
2010-12-02,11.682588622167058,12.454566341192537,11.193669972729143,11.862716674804688,1858500,0.0,0.0
2010-12-03,11.776941668013283,11.836984900466012,11.270868370020443,11.288022994995117,583300,0.0,0.0
2010-12-06,11.039274637844755,11.734054526611617,10.687596241783908,11.553926467895508,2028500,0.0,0.0
2010-12-07,11.691166265829166,11.759786397997043,11.142204390469637,11.202247619628906,921300,0.0,0.0
2010-12-08,11.20224810139593,11.553926498384813,10.953499907085511,11.390953063964844,851000,0.0,0.0
2010-12-09,11.562503645725688,12.35163603426076,11.433841094167024,12.068577766418457,1487800,0.0,0.0
2010-12-10,12.317325406362436,12.317325406362436,11.819829029847485,11.999957084655762,545100,0.0,0.0
2010-12-13,12.308748873560956,12.308748873560956,11.23655823363462,11.270868301391602,907200,0.0,0.0
2010-12-14,11.296600112881968,11.836984267983023,11.245134604674796,11.442418098449707,631600,0.0,0.0
2010-12-15,11.596813981491172,11.794096660251082,11.339488072573301,11.51961612701416,365100,0.0,0.0
2010-12-16,11.511039052511668,11.56250374637651,11.288023197719863,11.54534912109375,317100,0.0,0.0
2010-12-17,11.571081020670352,11.579658741988386,11.159360213603144,11.43384075164795,681400,0.0,0.0
2010-12-20,11.493882818875026,11.493882818875026,11.17651450180938,11.382375717163086,296200,0.0,0.0
2010-12-21,11.399531159088024,11.73405494227266,11.279445509684589,11.485306739807129,554500,0.0,0.0
2010-12-22,11.459573572856614,11.73405494030171,11.253713160785214,11.72547721862793,655900,0.0,0.0
2010-12-23,11.716898940212808,11.888449275454239,11.382375990996147,11.416686058044434,351300,0.0,0.0
2010-12-27,11.330910987951604,11.61396925825791,11.279445476070203,11.54534912109375,404100,0.0,0.0
2010-12-28,11.536770575810271,11.751208693643237,11.433840377412427,11.442418098449707,317000,0.0,0.0
2010-12-29,11.59681374499437,11.691166221866277,11.45099576018183,11.56250286102295,368000,0.0,0.0
2010-12-30,11.776941493806358,12.7805119894845,11.605391156514482,12.677581787109375,1590500,0.0,0.0
2010-12-31,12.694737332895073,13.303741648737164,12.548919340509181,12.737625122070312,1060800,0.0,0.0
2011-01-03,12.617539781826279,12.952063563882001,12.12862110022039,12.368791580200195,884800,0.0,0.0
2011-01-04,12.574651496899893,12.574651496899893,11.622546518068066,12.077155113220215,889100,0.0,0.0
2011-01-05,11.99995746860249,12.608961785962022,11.965647400780117,12.574651718139648,722900,0.0,0.0
2011-01-06,12.574651857977452,13.338051898035408,12.31732593743976,13.295164108276367,1292500,0.0,0.0
2011-01-07,13.243697963640441,13.466713805309457,12.711891522902684,12.866287231445312,1432000,0.0,0.0
2011-01-10,12.780511481852834,12.909174843223735,12.531763298155557,12.78908920288086,389400,0.0,0.0
2011-01-11,12.909175602067396,13.398094277174163,12.566074102926196,13.115036010742188,1097100,0.0,0.0
2011-01-12,13.449559824202293,13.629687886777022,13.012105841089872,13.295164108276367,852800,0.0,0.0
2011-01-13,13.31231937495832,13.449559645955164,12.892020022509817,12.977795600891113,630900,0.0,0.0
2011-01-14,12.977795317182203,13.11503558517882,12.514609003685353,12.703314781188965,666500,0.0,0.0
2011-01-18,12.591806817426878,12.694737018085018,12.300170839887224,12.523186683654785,406700,0.0,0.0
2011-01-19,12.548918721081854,12.548918721081854,11.468150413693024,11.502460479736328,784400,0.0,0.0
2011-01-20,11.691166872954994,11.691166872954994,11.159360412028816,11.348065376281738,711500,0.0,0.0
2011-01-21,11.53677122337061,11.639701427545939,10.824836697645514,10.884879112243652,744700,0.0,0.0
2011-01-24,10.747638908295455,11.51961667154003,10.335918088978257,11.245135307312012,814700,0.0,0.0
2011-01-25,11.1507821656647,11.348064842101614,10.764793715841146,10.979231834411621,517200,0.0,0.0
2011-01-26,11.2794447995502,11.468150574441704,10.970654200832156,11.33948802947998,420000,0.0,0.0
2011-01-27,11.245134658450814,11.571080697277628,11.11647211434235,11.219402313232422,325600,0.0,0.0
2011-01-28,11.236558294865441,11.348065402170855,10.704751014709473,10.704751014709473,528700,0.0,0.0
2011-01-31,10.670440947551086,10.833414383809233,10.507468329309484,10.807682037353516,274900,0.0,0.0
2011-02-01,10.876302441568603,11.34806568296701,10.64470886370402,11.322333335876465,403500,0.0,0.0
2011-02-02,11.356643236025203,12.368791477410744,10.893456905190838,12.068577766418457,962000,0.0,0.0
2011-02-03,12.17150736102,12.403100923833941,11.879872204241108,12.222972869873047,546000,0.0,0.0
2011-02-04,12.171507868586867,12.325903583567985,11.914182767640396,12.111465454101562,242300,0.0,0.0
2011-02-07,12.10288728482956,12.351635473087034,11.94849239357712,11.999957084655762,303800,0.0,0.0
2011-02-08,11.965646843375538,11.991379188539472,11.6568562473588,11.922759056091309,325800,0.0,0.0
2011-02-09,11.802674233315274,12.317325226676504,11.631123902194863,11.922759056091309,502900,0.0,0.0
2011-02-10,11.879872660093387,11.965647420784448,11.562503509685174,11.691166877746582,336300,0.0,0.0
2011-02-11,11.751208679584146,11.785518745675711,11.588236070153332,11.742630958557129,292700,0.0,0.0
2011-02-14,11.742631075087079,12.094310278536204,11.373798065446692,11.399530410766602,484300,0.0,0.0
2011-02-15,11.390953057933286,11.536771049488031,11.125050238992188,11.150782585144043,410800,0.0,0.0
2011-02-16,11.17651455613236,11.34806488808051,10.996386503082679,11.1593599319458,294400,0.0,0.0
2011-02-17,11.013542516650487,11.236558368761036,11.013542516650487,11.167938232421875,287500,0.0,0.0
2011-02-18,11.227980819087527,11.288023234799258,11.073585100952718,11.142205238342285,306900,0.0,0.0
2011-02-22,11.02211988728638,11.116472367244695,10.65328605269352,10.773371696472168,497300,0.0,0.0
2011-02-23,10.987809608238576,10.987809608238576,9.804111089883808,10.11290168762207,1042300,0.0,0.0
2011-02-24,10.001394275423412,10.773372036016827,10.001394275423412,10.58466625213623,506700,0.0,0.0
2011-02-25,10.627553806591669,10.979232201936895,10.610398363883837,10.730484008789062,195600,0.0,0.0
2011-02-28,10.773371535057473,10.781948438185887,10.070013943487234,10.29302978515625,532000,0.0,0.0
2011-03-01,10.327339865167534,10.370227652931503,9.872731278109105,9.889885902404785,807100,0.0,0.0
2011-03-02,10.04428185839711,10.344495562118391,9.907041588587335,10.087169647216797,364300,0.0,0.0
2011-03-03,10.25871950930129,10.781948218219549,10.21583172246814,10.679018020629883,553700,0.0,0.0
2011-03-04,10.979232448480907,11.536771260740728,10.636130948768551,11.167938232421875,872400,0.0,0.0
2011-03-07,11.442418456185795,11.442418456185795,10.730483948163728,10.953499794006348,394600,0.0,0.0
2011-03-08,10.987809698650528,11.150782310960373,10.739061510588225,11.116472244262695,265500,0.0,0.0
2011-03-09,11.14220486375458,11.442418568253533,10.936344458506658,11.150782585144043,505500,0.0,0.0
2011-03-10,10.85914665972392,11.150782644382732,10.550356050211585,10.687596321105957,454300,0.0,0.0
2011-03-11,10.627553665882855,10.713328424236758,10.498890301327217,10.593243598937988,256800,0.0,0.0
2011-03-14,10.593243438183494,10.944921823535713,10.481735517800702,10.756216049194336,269500,0.0,0.0
2011-03-15,10.69617414693049,10.962076969879284,10.430270505965149,10.884879112243652,540200,0.0,0.0
2011-03-16,11.236557945844257,11.236557945844257,10.721906124654247,10.89345645904541,491600,0.0,0.0
2011-03-17,11.065006961426457,11.219402673730814,10.721906287435147,10.730484008789062,408100,0.0,0.0
2011-03-18,10.807681588607965,11.133626811557603,10.696173667907715,10.696173667907715,794400,0.0,0.0
2011-03-21,10.867724202753916,11.571080988549506,10.867724202753916,11.49388313293457,686900,0.0,0.0
2011-03-22,11.339488610089463,11.862717355878642,11.29660082023409,11.828407287597656,573800,0.0,0.0
2011-03-23,11.794097057782118,12.39452365348408,11.68258913289201,12.334481239318848,679200,0.0,0.0
2011-03-24,12.33448068067122,13.209387779235838,12.077154774734625,13.20938777923584,1814900,0.0,0.0
2011-03-25,13.132191555563688,14.727610962180519,13.132191555563688,13.75835132598877,2329000,0.0,0.0
2011-03-28,13.835547216172934,14.384509933080729,13.561067493752107,14.187227249145508,1022800,0.0,0.0
2011-03-29,14.581793117250223,16.93203487041246,14.573215395563158,16.54604721069336,4615700,0.0,0.0
2011-03-30,17.137894708756644,18.656117039817296,16.726173897767232,17.60108184814453,5864600,0.0,0.0
2011-03-31,17.292290375464294,18.355903285681507,16.85483640145,17.077852249145508,3244200,0.0,0.0
2011-04-01,17.44668683383532,18.321594819256706,16.86341484355439,18.22724151611328,2607000,0.0,0.0
2011-04-04,18.776200936075053,20.38019876554412,18.32159317666787,20.114295959472656,3478000,0.0,0.0
2011-04-05,20.59463784655368,24.205775108216038,19.8998587754182,23.588193893432617,7877500,0.0,0.0
2011-04-06,23.142161237760817,24.780468323856706,21.006357784725335,22.198633193969727,7244800,0.0,0.0
2011-04-07,22.39591904943638,23.639659234517524,21.21221964356998,23.373756408691406,3377300,0.0,0.0
2011-04-08,23.888407976944414,23.896985698456803,22.747597192326445,23.57961654663086,1850100,0.0,0.0
2011-04-11,23.965606076396824,24.608920472020685,21.88126717281022,21.88984489440918,2708400,0.0,0.0
2011-04-12,21.203640301632582,21.203640301632582,18.01280172745524,18.62180519104004,4718800,0.0,0.0
2011-04-13,19.45382701256732,20.285846350768168,17.772631257439826,19.65110969543457,3183900,0.0,0.0
2011-04-14,19.127879439954423,20.028520515703644,18.973485369514247,19.505290985107422,1049700,0.0,0.0
2011-04-15,19.488136124969266,19.668264999911017,19.127880011118823,19.61680030822754,813100,0.0,0.0
2011-04-18,19.6168013072486,19.6168013072486,18.355904026542042,18.870555877685547,1149200,0.0,0.0
2011-04-19,19.368051663890707,21.8212243728017,19.00779554325366,21.21221923828125,3007000,0.0,0.0
2011-04-20,21.666828800269094,22.130014309236177,21.049247576301955,21.452390670776367,1689000,0.0,0.0
2011-04-21,21.666828357401833,22.37018514599616,20.30300175082189,21.581052780151367,1980200,0.0,0.0
2011-04-25,22.37876270517842,23.245092920668302,22.09570444752593,22.833372116088867,1661800,0.0,0.0
2011-04-26,23.185051715404025,23.802632954439165,20.157184664119654,20.517440795898438,3300000,0.0,0.0
2011-04-27,20.86911869115151,21.358037364497516,19.51386977856502,20.972049713134766,1366800,0.0,0.0
2011-04-28,22.207212514556858,22.927724771820095,21.66682913962599,22.567468643188477,2185200,0.0,0.0
2011-04-29,22.55889007678297,22.713285788419565,21.529588059260774,21.74402618408203,1089000,0.0,0.0
2011-05-02,21.701137701645823,21.91557582769384,21.014936352705405,21.29799461364746,897400,0.0,0.0
2011-05-03,21.057822808473432,21.19506307490492,19.70257395043773,19.77977180480957,1418700,0.0,0.0
2011-05-04,19.736885649208922,20.517440310248276,19.21365608933501,19.642532348632812,1017000,0.0,0.0
2011-05-05,20.002787594249654,20.045676199917526,19.17934599782276,19.462404251098633,1001300,0.0,0.0
2011-05-06,19.899859592596346,20.7919213839156,19.479559408072113,20.354467391967773,1090400,0.0,0.0
2011-05-09,20.56032602249304,21.6754052099912,20.431663479790597,21.400924682617188,1104500,0.0,0.0
2011-05-10,21.46096769175587,22.344451709366233,21.46096769175587,21.78691291809082,1322000,0.0,0.0
2011-05-11,21.10071185185876,21.503854938357858,20.47455291877515,20.9377384185791,993500,0.0,0.0
2011-05-12,20.654680235503417,21.632517566751783,20.53459540844711,21.29799461364746,683000,0.0,0.0
2011-05-13,21.44381239409956,21.44381239409956,20.174339093016798,20.260114669799805,622000,0.0,0.0
2011-05-16,19.968478645594445,20.174339047792362,19.076415266703762,19.093570709228516,924800,0.0,0.0
2011-05-17,19.213655571587413,20.32873479733368,19.076415303192956,20.05425262451172,1118900,0.0,0.0
2011-05-18,20.01136500045109,20.989202289827407,20.01136500045109,20.431663513183594,623300,0.0,0.0
2011-05-19,20.663257842736126,20.800498111766164,19.556756333144243,19.771194458007812,1057900,0.0,0.0
2011-05-20,19.908435412058715,20.3716225629975,19.556757006064355,20.079986572265625,775300,0.0,0.0
2011-05-23,19.29943212014424,19.60822355759715,18.012803312134626,18.347326278686523,1707500,0.0,0.0
2011-05-24,19.007795141712588,19.007795141712588,17.601081574672037,18.45025634765625,1621500,0.0,0.0
2011-05-25,18.390214015032612,18.9992175033109,17.609659372742755,18.81051254272461,902700,0.0,0.0
2011-05-26,18.904866037787954,20.328735068390646,18.484565869688602,19.848392486572266,1239000,0.0,0.0
2011-05-27,21.092134642923654,22.250100874614024,20.20007123491436,20.68899154663086,3118300,0.0,0.0
2011-05-31,21.26368446307653,22.558889249807542,21.26368446307653,22.524580001831055,2538200,0.0,0.0
2011-06-01,22.413071637323203,25.089260101318356,22.10428185627097,25.08926010131836,3567400,0.0,0.0
2011-06-02,25.260811900950603,26.161451375870627,23.562460699394197,23.75116729736328,4585200,0.0,0.0
2011-06-03,22.919146650132227,24.2829732821442,22.387341006121964,23.6997013092041,1574200,0.0,0.0
2011-06-06,23.476686892713147,24.222930659413212,22.00135153007592,22.181480407714844,1709700,0.0,0.0
2011-06-07,23.176473101091553,23.75974506684432,22.49027011478056,22.94487953186035,1294400,0.0,0.0
2011-06-08,22.75617435270677,23.133584273746887,22.09570453683698,22.55031394958496,862500,0.0,0.0
2011-06-09,23.142162526577614,23.58819422826919,22.481692695538136,23.056386947631836,778900,0.0,0.0
2011-06-10,22.6360879358082,23.28798003168114,22.558890079978966,22.8676815032959,661300,0.0,0.0
2011-06-13,22.99634406682151,23.7940541535837,22.9534570962349,23.3480224609375,928800,0.0,0.0
2011-06-14,23.768320085992215,24.44594532052362,23.18504978243691,23.330867767333984,1383500,0.0,0.0
2011-06-15,22.7990615707177,23.536729250271488,22.5245810302418,22.781906127929688,773800,0.0,0.0
2011-06-16,22.721863278355496,23.785476170314,22.301564754309776,22.910568237304688,738300,0.0,0.0
2011-06-17,23.159316990299143,23.468108407033696,22.481691744916763,22.67897605895996,794300,0.0,0.0
2011-06-20,22.730440864649992,22.987765955874327,22.095704221734675,22.23294448852539,728300,0.0,0.0
2011-06-21,22.378763217065757,23.699701237647908,22.31014308139958,23.545307159423828,1297000,0.0,0.0
2011-06-22,23.519573364316404,24.48883295911281,23.01349926383725,23.116430282592773,1304600,0.0,0.0
2011-06-23,22.867681824576234,23.68254736487416,22.421650125970356,23.66539192199707,626700,0.0,0.0
2011-06-24,23.845519342252956,24.437369037669548,23.53672954832381,24.222930908203125,1249700,0.0,0.0
2011-06-27,24.68611702370496,25.1750356767346,24.025647219842842,24.445945739746094,934200,0.0,0.0
2011-06-28,24.480257068389104,25.518136805256617,24.480257068389104,25.44093894958496,1096500,0.0,0.0
2011-06-29,25.989899346581087,26.161450496050357,24.71184835473734,25.17503547668457,1182300,0.0,0.0
2011-06-30,25.003485780751024,25.638222453033865,24.49741166003321,24.8233585357666,689700,0.0,0.0
2011-07-01,25.406629095155896,27.207907988494675,25.003484383800654,26.135717391967773,1765600,0.0,0.0
2011-07-05,26.967739660882973,28.03135258833331,26.298692106956253,27.997041702270508,1354100,0.0,0.0
2011-07-06,28.854793030600202,31.856926723806435,28.77759517617797,31.402318954467773,4363100,0.0,0.0
2011-07-07,31.230768395439135,32.817609211679844,30.192888655691075,30.870513916015625,2703400,0.0,0.0
2011-07-08,30.081379803326847,33.906955154053534,29.36086757507673,33.357994079589844,2680400,0.0,0.0
2011-07-11,32.80903482996427,34.567426891928186,32.62032822309673,34.20717239379883,2484000,0.0,0.0
2011-07-12,33.63247385861326,34.43876328161271,31.771152552967187,32.731834411621094,2439900,0.0,0.0
2011-07-13,33.255063542991145,34.078505126133,32.637480719601754,32.903385162353516,1258500,0.0,0.0
2011-07-14,32.60317091449189,32.88623080860075,29.026344578821632,30.150001525878906,2505100,0.0,0.0
2011-07-15,30.184308716869374,31.33369717565908,28.89767999160027,31.196456909179688,1434100,0.0,0.0
2011-07-18,31.230769395545355,31.539560828977464,29.80690033077103,30.604610443115234,1208600,0.0,0.0
2011-07-19,31.402319115243955,32.52597278061756,31.307965818015255,31.916969299316406,1096000,0.0,0.0
2011-07-20,31.977012968749552,32.380157701095904,30.11569156685449,31.170726776123047,1119500,0.0,0.0
2011-07-21,31.822615589340646,35.82832135858965,30.021336696384015,31.239343643188477,4161900,0.0,0.0
2011-07-22,30.999173992835953,32.105675473375655,30.467368373315846,30.59602928161621,1045400,0.0,0.0
2011-07-25,30.450213413671506,30.45878949886769,28.99203352536416,29.2236270904541,2029400,0.0,0.0
2011-07-26,29.901252567315744,30.08995916370658,28.99203374260166,29.618192672729492,1231300,0.0,0.0
2011-07-27,29.30940150838757,29.729701675304742,26.49597434066816,26.684680938720703,2219800,0.0,0.0
2011-07-28,27.13928894813826,27.31084010490085,25.08068324715255,25.955591201782227,2315600,0.0,0.0
2011-07-29,25.295120948225712,26.84765251019868,24.917709391336803,26.084253311157227,1520800,0.0,0.0
2011-08-01,27.568164555482223,28.563157314819083,25.38089635639567,26.007055282592773,1929400,0.0,0.0
2011-08-02,25.715419469510408,27.002048215115394,24.96059799194336,24.96059799194336,1248300,0.0,0.0
2011-08-03,25.312276291058073,25.732574816740875,23.07354175847104,23.476686477661133,2407100,0.0,0.0
2011-08-04,22.267253482054322,22.953456444177984,18.450255947121423,19.702573776245117,4649600,0.0,0.0
2011-08-05,20.448819800536057,21.177909755226118,18.73331479469265,19.007795333862305,2316200,0.0,0.0
2011-08-08,17.232247935815362,17.695433437226686,13.303741533034096,13.663997650146484,5252200,0.0,0.0
2011-08-09,14.967781267887426,17.36090981036477,13.938477648650784,16.97492218017578,5351300,0.0,0.0
2011-08-10,16.468849074573274,16.89772533551494,15.03640229758678,15.585363388061523,2551900,0.0,0.0
2011-08-11,16.477424637885623,16.811949223320983,15.508165038729489,16.03997230529785,1885600,0.0,0.0
2011-08-12,16.305875194908822,16.59751117531902,15.01066872568306,15.1736421585083,1485000,0.0,0.0
2011-08-15,15.92846318133541,18.733314164125456,14.7276100448726,18.57891845703125,3625200,0.0,0.0
2011-08-16,17.909872121774416,20.277269302911417,17.592504601583098,18.27012825012207,4044300,0.0,0.0
2011-08-17,19.033528153816196,19.814082786480714,17.652546125548337,18.210084915161133,2698600,0.0,0.0
2011-08-18,16.803371457159507,17.57534837312029,15.9284635222552,16.640398025512695,2122900,0.0,0.0
2011-08-19,16.01423924997876,17.64396867374275,16.01423924997876,16.237255096435547,1199400,0.0,0.0
2011-08-22,16.93203367483802,17.1550495148551,14.701876910700257,15.24226188659668,1651900,0.0,0.0
2011-08-23,15.439544734811555,16.75190662624243,15.139331037761393,16.606088638305664,1625500,0.0,0.0
2011-08-24,16.48600319516774,17.112163791436476,15.99708451016095,16.383073806762695,813300,0.0,0.0
2011-08-25,16.76048549747793,19.29943224278892,16.297298338355088,17.583927154541016,2900600,0.0,0.0
2011-08-26,17.17220524398565,19.462404457932053,17.17220524398565,18.733314514160156,2187200,0.0,0.0
2011-08-29,19.796928368484572,20.70614559410247,19.127880804709264,20.440242767333984,1957700,0.0,0.0
2011-08-30,20.431664488368344,21.546743730910677,19.728307693244062,19.891281127929688,2660100,0.0,0.0
2011-08-31,20.320157872487794,20.688991721766445,18.012803111117304,18.433101654052734,2204900,0.0,0.0
2011-09-01,18.150043179443692,19.059260391909525,17.841251748932123,18.038536071777344,1156700,0.0,0.0
2011-09-02,17.583927048630247,18.664695444040767,16.94061264441207,17.866985321044922,1212400,0.0,0.0
2011-09-06,16.846258563024886,18.68185002406243,16.606088910277716,18.647539138793945,1055300,0.0,0.0
2011-09-07,19.350896423135023,19.642532411270164,18.570341759606585,18.836244583129883,1222800,0.0,0.0
2011-09-08,18.467411992582736,19.205078033220303,18.19292981714657,18.36448097229004,707500,0.0,0.0
2011-09-09,18.673272268719487,18.673272268719487,17.266557059902937,17.686857223510742,797900,0.0,0.0
2011-09-12,17.678280083533554,18.7247375762309,17.155050519168324,18.553186416625977,1224400,0.0,0.0
2011-09-13,18.861976971413885,19.127879783993066,18.167197915821113,19.016372680664062,1144600,0.0,0.0
2011-09-14,19.1707682138479,19.290853037258263,18.398791310719954,18.93917465209961,1018300,0.0,0.0
2011-09-15,19.11930322776267,19.12787931270257,18.15004202625501,18.66469383239746,716900,0.0,0.0
2011-09-16,18.55318522571292,18.870554359800447,17.64396806464814,18.055688858032227,991600,0.0,0.0
2011-09-19,17.583926712736755,18.0728453888378,17.41237555380901,17.712589263916016,750100,0.0,0.0
2011-09-20,17.712588143789798,18.56176289111167,15.696869516009759,16.288719177246094,1564600,0.0,0.0
2011-09-21,16.80337174621943,17.163627864669504,15.782645804605373,15.791223526000977,875000,0.0,0.0
2011-09-22,14.770497763817891,15.516743173970195,14.11002956866366,14.744766235351562,1398000,0.0,0.0
2011-09-23,14.521750552713714,16.01423975427812,14.453130415953273,15.782646179199219,999500,0.0,0.0
2011-09-26,15.98850598041013,16.408804506561,14.667567989083544,15.1907958984375,984600,0.0,0.0
2011-09-27,15.842688074170223,16.12574633351704,15.15648672909705,15.55105209350586,855700,0.0,0.0
2011-09-28,15.473856308306502,15.859843962238457,14.281579188210602,14.358777046203613,786000,0.0,0.0
2011-09-29,14.984935184598056,15.207951024947674,13.432403659277936,13.895590782165527,901100,0.0,0.0
2011-09-30,13.595377564253663,13.981365210814966,12.703314989622342,12.857709884643555,925400,0.0,0.0
2011-10-03,12.480298558125726,12.651848887917925,9.452432578739819,10.618975639343262,5520600,0.0,0.0
2011-10-04,10.087169323878209,12.608961245839508,9.864153483577708,12.102887153625488,2541100,0.0,0.0
2011-10-05,12.300171313612271,13.62111016662408,11.69974471097355,13.535334587097168,1649400,0.0,0.0
2011-10-06,13.715461891168895,13.938477731191927,13.295163374367684,13.552489280700684,843400,0.0,0.0
2011-10-07,14.230114562041846,14.684723990586663,13.200811692649918,13.415249824523926,1887600,0.0,0.0
2011-10-10,13.921322516373033,14.31588951240594,12.626116878507878,13.16650104522705,969100,0.0,0.0
2011-10-11,13.475292070931735,14.127183361972477,12.840555404857476,13.578222274780273,849600,0.0,0.0
2011-10-12,13.749772820454195,13.972788661206442,13.440981404638313,13.732617378234863,609400,0.0,0.0
2011-10-13,13.535334452468327,13.724040234740642,12.977795645138604,13.638264656066895,412100,0.0,0.0
2011-10-14,13.98136512760925,13.98136512760925,13.183655857033441,13.724040031433105,529400,0.0,0.0
2011-10-17,13.449559404313604,13.784082354354064,13.08072556912384,13.123613357543945,484300,0.0,0.0
2011-10-18,12.874865376623966,13.672574654994904,12.651849527609922,13.621109962463379,714200,0.0,0.0
2011-10-19,13.41524953905701,13.672574637416883,12.73762508947517,12.797667503356934,647500,0.0,0.0
2011-10-20,12.849132336778567,13.269431692611262,12.437411520472923,13.175078392028809,514100,0.0,0.0
2011-10-21,13.406671829898785,13.681152371342437,13.149345913287094,13.380939483642578,549200,0.0,0.0
2011-10-24,13.543911682416331,15.70544751557499,13.432403761393816,15.276571273803711,1720800,0.0,0.0
2011-10-25,15.388080262631435,15.962774501375057,14.410241303017584,14.590370178222656,1079700,0.0,0.0
2011-10-26,14.976358039074208,15.225107052266267,14.230114271564188,14.984935760498047,662500,0.0,0.0
2011-10-27,15.868422060777862,16.280142889166306,15.516743648691923,16.10001564025879,1170800,0.0,0.0
2011-10-28,16.262986806514757,16.940612074802743,15.696870280720452,16.7947940826416,950100,0.0,0.0
2011-10-31,16.305875233917764,18.94775287051689,15.954196839528791,18.48456573486328,2518400,0.0,0.0
2011-11-01,17.798364264644377,20.500284295684985,17.498150564299188,19.573911666870117,2357500,0.0,0.0
2011-11-02,19.925589605737894,20.114296197338188,17.66970131587418,18.415945053100586,1479100,0.0,0.0
2011-11-03,18.801934533175057,19.53960219366963,17.669701514949075,19.179346084594727,1345600,0.0,0.0
2011-11-04,18.93059785091535,19.942746086081787,18.80193530014725,18.999217987060547,996500,0.0,0.0
2011-11-07,19.342319120214434,19.85697097135794,18.73331560218503,18.870555877685547,809900,0.0,0.0
2011-11-08,19.17076952371489,19.29943207702174,18.21866368438455,18.99064064025879,796300,0.0,0.0
2011-11-09,18.613229779653135,19.61680026336776,18.321593800725257,18.45025634765625,719200,0.0,0.0
2011-11-10,19.11072704543002,19.127880852723894,17.721167220572656,18.150043487548828,760200,0.0,0.0
2011-11-11,18.19292959032875,18.767623826051473,17.96133766061539,18.613229751586914,654800,0.0,0.0
2011-11-14,18.65611595614377,18.896287233286685,18.184352758792404,18.424522399902344,676700,0.0,0.0
2011-11-15,18.167199081216918,19.625377419383046,18.167199081216918,19.39378547668457,1128300,0.0,0.0
2011-11-16,19.368051181951934,20.483128765874024,19.13645761672667,19.213655471801758,1664400,0.0,0.0
2011-11-17,19.222233056558974,19.531024474666918,18.270127274748162,18.53603172302246,792600,0.0,0.0
2011-11-18,18.45883356641636,18.65611624207544,17.60108109551634,18.055688858032227,582300,0.0,0.0
2011-11-21,17.626813538918363,17.626813538918363,16.245833101481015,16.992076873779297,883800,0.0,0.0
2011-11-22,17.04354361170445,17.987070092562643,16.674709759426044,17.02638816833496,558400,0.0,0.0
2011-11-23,16.73475179918235,16.940612206891494,16.08285969008686,16.34876251220703,574100,0.0,0.0
2011-11-25,16.22010005810024,16.90630142120082,15.645405802991093,15.688294410705566,276200,0.0,0.0
2011-11-28,16.52889180369745,16.846259326651662,16.057126926069415,16.383073806762695,687600,0.0,0.0
2011-11-29,15.76549046745773,16.3487624380028,15.611096389401458,15.988506317138672,394200,0.0,0.0
2011-11-30,16.648975095119905,17.292289439246744,16.425959259498644,17.01780891418457,1063600,0.0,0.0
2011-12-01,16.949189657139765,17.257981081778325,16.726173810015588,16.76048469543457,466800,0.0,0.0
2011-12-02,17.009232067496058,19.196500295533177,16.77763849905926,19.007795333862305,1509300,0.0,0.0
2011-12-05,19.325165033900443,20.242959976576934,18.707582167027955,19.076416015625,1331300,0.0,0.0
2011-12-06,19.247967040939304,19.985633096941744,18.553186320566393,19.52244758605957,937500,0.0,0.0
2011-12-07,20.114296997055316,20.800498350066974,18.63038391261385,19.247966766357422,1680800,0.0,0.0
2011-12-08,19.09357142415832,19.31658727723148,18.527454887908412,18.553186416625977,675500,0.0,0.0
2011-12-09,18.801934302511224,19.496713348620275,18.467411361057422,19.222232818603516,486100,0.0,0.0
2011-12-12,18.60465284780043,18.85340023095054,17.969916171446386,18.475990295410156,610500,0.0,0.0
2011-12-13,18.561764172303466,18.956331185706286,17.83267583272612,17.90987205505371,594100,0.0,0.0
2011-12-14,18.08999997829475,18.08999997829475,17.28371218703493,17.369487762451172,770600,0.0,0.0
2011-12-15,17.729745009742572,18.210085972495516,17.28371329774113,18.029958724975586,513300,0.0,0.0
2011-12-16,18.235817704006564,18.784778761140014,17.944181733396167,18.21866226196289,626000,0.0,0.0
2011-12-19,18.22724132537842,21.8726895904541,17.498151345156657,21.44381332397461,5040200,0.0,0.0
2011-12-20,22.207211419604636,22.292986995722543,20.388777058863607,21.30657196044922,2156700,0.0,0.0
2011-12-21,21.435234479562798,21.872688444782412,20.680413009950335,21.469545364379883,1088900,0.0,0.0
2011-12-22,21.460967269072146,22.164324035231243,21.023513311478148,21.47812271118164,998300,0.0,0.0
2011-12-23,21.69256204832191,23.502418755708092,21.18648792988745,23.459531784057617,1612800,0.0,0.0
2011-12-27,23.50241743669322,25.26081098823984,22.30156430151078,22.558889389038086,2420800,0.0,0.0
2011-12-28,22.859104458346227,22.859104458346227,21.375192983114005,21.52958869934082,1064500,0.0,0.0
2011-12-29,21.46096886764445,22.77332920214778,21.44381342425709,21.641096115112305,976700,0.0,0.0
2011-12-30,21.43523481890083,21.641095222963177,20.58606003863126,21.418079376220703,741600,0.0,0.0
2012-01-03,22.018506396876827,22.43022719780463,21.332305061997154,21.42665672302246,767400,0.0,0.0
2012-01-04,21.143599161023896,21.340881846765125,20.217226510550862,20.611793518066406,811700,0.0,0.0
2012-01-05,20.594638382231675,21.872689451921964,20.29442467039083,21.203641891479492,1114300,0.0,0.0
2012-01-06,21.5210112062063,23.416643520809373,21.049247966979532,22.927724838256836,2166700,0.0,0.0
2012-01-09,23.167895791576964,23.99133742654923,22.095705140186137,22.77332878112793,1785600,0.0,0.0
2012-01-10,23.330869683644313,23.330869683644313,22.310143705526176,22.64466667175293,692700,0.0,0.0
2012-01-11,22.507426092257806,23.55388358530074,22.335876568629335,23.013500213623047,917200,0.0,0.0
2012-01-12,23.082119162330248,23.87982923244514,22.936301174932545,23.159317016601562,849100,0.0,0.0
2012-01-13,23.15073920696582,23.202203897605635,22.473115599437005,22.799060821533203,549000,0.0,0.0
2012-01-17,22.73044135785714,23.348022571815694,22.250100413667152,22.421649932861328,753700,0.0,0.0
2012-01-18,22.301564768388914,22.687554043793476,22.087126645615943,22.473115921020508,674200,0.0,0.0
2012-01-19,22.541736130231257,23.828364871170717,22.130013689745514,22.62751007080078,1690300,0.0,0.0
2012-01-20,22.53315785499477,22.70470736794936,21.68398310317547,21.91557502746582,770600,0.0,0.0
2012-01-23,21.701137750918726,22.301565159629675,19.70257447705477,20.49170684814453,1992600,0.0,0.0
2012-01-24,20.062830032703154,21.315149507301005,19.728307088216145,21.229373931884766,1026300,0.0,0.0
2012-01-25,21.177909678375226,21.177909678375226,20.363044149143384,21.100711822509766,618900,0.0,0.0
2012-01-26,20.894852059353536,21.589631147406163,20.50028504660981,20.886274337768555,656500,0.0,0.0
2012-01-27,21.400924670217393,21.400924670217393,20.371621057128245,20.757610321044922,524900,0.0,0.0
2012-01-30,20.48312828682607,20.68899031956708,20.03709824530856,20.148605346679688,532800,0.0,0.0
2012-01-31,20.08856432884043,20.834809750196165,19.88270391785374,19.91701316833496,552100,0.0,0.0
2012-02-01,20.079985087954086,21.323726817434057,20.028520398109524,20.757610321044922,1033400,0.0,0.0
2012-02-02,20.94631570465106,21.117866855699894,20.174338796997354,20.423086166381836,674100,0.0,0.0
2012-02-03,20.526017582196364,21.804068610587915,20.526017582196364,21.100711822509766,877000,0.0,0.0
2012-02-06,21.152175658698358,22.90199147281598,21.10071096888107,22.00135040283203,1043600,0.0,0.0
2012-02-07,21.70113692110789,22.730440543529998,21.70113692110789,22.121437072753906,839200,0.0,0.0
2012-02-08,22.164324500696857,23.305135248407737,22.087126645615943,22.473115921020508,1061900,0.0,0.0
2012-02-09,22.473116943633467,23.04781120425714,22.19005867413423,22.25010108947754,654200,0.0,0.0
2012-02-10,21.958464076633145,22.310142466737414,21.135020835292472,21.143598556518555,610400,0.0,0.0
2012-02-13,21.589630189173608,22.095704287994355,21.27226104874772,21.469545364379883,422700,0.0,0.0
2012-02-14,21.22079726502152,21.460968560912466,20.817654167379356,21.04924774169922,433400,0.0,0.0
2012-02-15,21.135020935557968,21.392347665462154,19.44524911079592,20.217226028442383,1338600,0.0,0.0
2012-02-16,20.07998538847472,20.749032910599052,19.762617887645,20.22580337524414,629100,0.0,0.0
2012-02-17,20.586059630180532,21.52958769043708,20.217225800041177,21.109289169311523,1174300,0.0,0.0
2012-02-21,21.615362786608216,21.649672034493594,20.59463689449866,20.757610321044922,527200,0.0,0.0
2012-02-22,20.620371164762112,21.117867556063317,20.182917187509364,20.251537322998047,343700,0.0,0.0
2012-02-23,20.165760963521382,20.783342158997907,20.114296272906593,20.22580337524414,490000,0.0,0.0
2012-02-24,20.20864834211017,20.586059898335577,20.071408073670575,20.260114669799805,364000,0.0,0.0
2012-02-27,20.002787222839693,20.671834734538493,19.951322533026858,20.114295959472656,416700,0.0,0.0
2012-02-28,20.10572002031524,20.2343825742662,18.92202059748686,19.39378547668457,832600,0.0,0.0
2012-02-29,19.70257478663618,19.70257478663618,18.518877029418945,18.518877029418945,810400,0.0,0.0
2012-03-01,18.6732725716527,19.556756611609206,17.601081932068134,18.441679000854492,1439500,0.0,0.0
2012-03-02,18.77620085858028,19.016372136770567,17.96133700178046,18.141464233398438,699100,0.0,0.0
2012-03-05,18.004224111376747,18.441678066487146,17.44668533424769,17.73832130432129,654300,0.0,0.0
2012-03-06,17.36091119825366,17.58392705478466,16.40880535614691,17.38664436340332,1034400,0.0,0.0
2012-03-07,17.489573512802387,19.934168543468992,17.335177796081723,19.5567569732666,1424900,0.0,0.0
2012-03-08,19.83123902446438,20.843385625950884,19.75404116661742,20.483129501342773,1742900,0.0,0.0
2012-03-09,20.723299636017202,20.980624723742654,20.500283796506405,20.67183494567871,654900,0.0,0.0
2012-03-12,20.66325764697502,21.529587859540303,20.66325764697502,20.98062515258789,850500,0.0,0.0
2012-03-13,21.09213501993828,21.289417710839853,20.500285311200432,21.160755157470703,774300,0.0,0.0
2012-03-14,21.16933243265901,21.435235255484535,20.78334314465979,20.8090763092041,422600,0.0,0.0
2012-03-15,20.903428996329747,21.24652966668531,20.646102266538293,20.86054039001465,453300,0.0,0.0
2012-03-16,20.98062448545487,21.35803602772769,20.688990152827003,20.7147216796875,583600,0.0,0.0
2012-03-19,20.697566847713034,21.11786700719451,20.60321518638904,20.663257598876953,470600,0.0,0.0
2012-03-20,20.48312861404754,20.749033062238794,20.157183389727752,20.465974807739258,387700,0.0,0.0
2012-03-21,20.483128360365182,21.958463662785515,20.200070109371307,21.315149307250977,1063700,0.0,0.0
2012-03-22,21.63251674565225,22.25009957229027,20.869117569428035,21.43523406982422,1043200,0.0,0.0
2012-03-23,21.38377090843278,21.94988744930306,21.040670222455812,21.44381332397461,608700,0.0,0.0
2012-03-26,21.555319304356523,21.958464020792086,21.392347509574478,21.469545364379883,618600,0.0,0.0
2012-03-27,21.452390414588653,22.687554483805506,21.452390414588653,22.138591766357422,1241700,0.0,0.0
2012-03-28,22.12143771254986,22.85052602714978,21.898421866707242,21.906999588012695,645400,0.0,0.0
2012-03-29,21.486698703681114,21.872687969317564,20.80049738258631,21.11786651611328,510000,0.0,0.0
2012-03-30,21.306572807958407,21.306572807958407,20.423087120057826,20.526018142700195,652100,0.0,0.0
2012-04-02,20.40593295172629,21.220796852750787,20.165761660501314,21.014936447143555,516300,0.0,0.0
2012-04-03,20.972049040095985,21.872688500405342,20.860540300189925,21.143598556518555,616700,0.0,0.0
2012-04-04,20.92058275481219,21.05782302263946,20.423086374930065,20.54317283630371,526200,0.0,0.0
2012-04-05,20.637525078700563,20.87769637217377,20.21722654214727,20.448820114135742,341700,0.0,0.0
2012-04-09,19.728308031651377,21.04066998098967,19.728308031651377,20.045677185058594,673200,0.0,0.0
2012-04-10,19.93416847248249,20.19149521144495,19.393785101917604,19.402362823486328,635200,0.0,0.0
2012-04-11,19.728307025850302,19.814082600995384,18.982061648931,19.41951560974121,608300,0.0,0.0
2012-04-12,19.41951544926565,21.22937368934215,19.41951544926565,20.62894630432129,697200,0.0,0.0
2012-04-13,20.594637291457424,21.435234331263924,20.54317260062089,21.229373931884766,480600,0.0,0.0
2012-04-16,21.26368513797784,21.38376996375648,20.457397334526704,20.697566986083984,384000,0.0,0.0
2012-04-17,21.126443506363866,21.40092568259632,20.423086713094683,20.49170684814453,500200,0.0,0.0
2012-04-18,20.474553378455955,20.586060486235166,20.114297254505516,20.165761947631836,460200,0.0,0.0
2012-04-19,20.131450368644842,20.791920179160897,19.771194257093633,19.856969833374023,522800,0.0,0.0
2012-04-20,20.50028458815458,20.50028458815458,19.659687524022015,19.848392486572266,561800,0.0,0.0
2012-04-23,18.92202026508752,19.651110239379378,18.621806553786982,19.239389419555664,834800,0.0,0.0
2012-04-24,19.316586054088535,19.54817961408055,18.870554376185325,19.342317581176758,497800,0.0,0.0
2012-04-25,19.728307970165805,20.688991512915397,19.728307970165805,20.646102905273438,760100,0.0,0.0
2012-04-26,22.87626004807964,23.064965015769904,20.671836307018527,21.08355712890625,2390900,0.0,0.0
2012-04-27,21.315150133012086,21.821224243187498,20.783342858646492,21.65825080871582,1064800,0.0,0.0
2012-04-30,21.88126619359624,21.88126619359624,21.117867001816254,21.30657196044922,512400,0.0,0.0
2012-05-01,21.56389654676766,21.56389654676766,20.363043417394408,20.474552154541016,724100,0.0,0.0
2012-05-02,20.328735418116295,20.646102934957597,19.72830799853039,20.002788543701172,694100,0.0,0.0
2012-05-03,19.994210958420982,25.398052863422,19.822661434536684,24.497411727905273,5318900,0.0,0.0
2012-05-04,25.68968842087305,27.267953175805317,25.483826378027032,26.272958755493164,4115200,0.0,0.0
2012-05-07,26.624638317914638,27.722560468074875,26.221493596873753,26.564594268798828,1759000,0.0,0.0
2012-05-08,26.255805319911104,26.779033247780763,23.571038999855695,25.303699493408203,2593100,0.0,0.0
2012-05-09,24.75473830608054,26.06709861755371,24.368749016804255,26.06709861755371,1124300,0.0,0.0
2012-05-10,26.65894681591439,27.662517275538022,26.20433741590266,26.581748962402344,1141900,0.0,0.0
2012-05-11,25.389475011398908,27.13928930781549,25.30369943188083,26.590328216552734,771200,0.0,0.0
2012-05-14,26.401623526253257,26.950584623250926,25.526715550888383,25.698265075683594,916800,0.0,0.0
2012-05-15,25.535291557091327,26.195761355067482,24.926286449493066,25.338008880615234,1092900,0.0,0.0
2012-05-16,25.277964827273802,27.57674335607102,24.917708722646083,25.775461196899414,2045600,0.0,0.0
2012-05-17,26.04136733037225,26.084254302452486,24.789047786025385,24.857667922973633,1077700,0.0,0.0
2012-05-18,24.8748223802057,25.260811657760044,23.948449750108328,24.917709350585938,985100,0.0,0.0
2012-05-21,25.629644905213674,25.72399820714981,24.711849958852365,25.380897521972656,864100,0.0,0.0
2012-05-22,25.749730783148127,26.435932137808848,25.05495007101693,25.26938819885254,1020400,0.0,0.0
2012-05-23,25.080683406624836,25.646799937094656,24.205775446432167,25.552448272705078,984000,0.0,0.0
2012-05-24,25.500981098989307,26.23864876287669,25.132147267045614,25.646799087524414,763100,0.0,0.0
2012-05-25,25.54387045359259,26.02421140330009,25.47525031792009,25.835506439208984,538400,0.0,0.0
2012-05-29,26.058520787315334,28.734709364390767,25.989900651289457,28.640356063842773,2296800,0.0,0.0
2012-05-30,29.077811719718742,30.210044783687305,27.971310184273857,29.163585662841797,2247400,0.0,0.0
2012-05-31,29.16358586575721,30.021338391220656,27.919844049421968,28.597469329833984,1729100,0.0,0.0
2012-06-01,28.005619839199028,28.820482079244627,27.36230384182513,27.456655502319336,1098700,0.0,0.0
2012-06-04,27.94557853336577,28.168592747748768,25.5095596217515,27.31941795349121,1647200,0.0,0.0
2012-06-05,27.233641306559242,27.405192457391724,26.384466545607815,27.019203186035156,731800,0.0,0.0
2012-06-06,27.74829275316759,28.631780075045985,27.448080679561368,28.08281898498535,1001900,0.0,0.0
2012-06-07,28.563156834234185,29.721124641608156,28.160015394984903,28.43449592590332,1303800,0.0,0.0
2012-06-08,28.245790376391597,29.73827790933822,27.81691412199399,29.652503967285156,1136300,0.0,0.0
2012-06-11,30.02133710957211,30.150001291725278,28.520270254093504,28.700397491455078,853300,0.0,0.0
2012-06-12,28.751863358787293,29.077810215512702,28.340142563375938,28.992033004760742,535800,0.0,0.0
2012-06-13,28.897680925661035,29.66108340919834,28.41734161349015,28.683242797851562,674500,0.0,0.0
2012-06-14,28.614624257338306,28.94914721271015,28.305832830205482,28.365875244140625,574300,0.0,0.0
2012-06-15,28.554580671376932,29.077810204535297,27.705404281616207,27.70540428161621,854500,0.0,0.0
2012-06-18,27.63678728081644,28.906260619576248,27.182177855597153,27.876956939697266,1136400,0.0,0.0
2012-06-19,28.091393957334684,29.918407671348998,27.619630743762126,29.026344299316406,1619700,0.0,0.0
2012-06-20,29.000613718360768,29.549574804586666,28.494539603483858,28.648935317993164,694500,0.0,0.0
2012-06-21,28.87194941988976,29.13785387652459,27.945578408505156,28.039928436279297,646500,0.0,0.0
2012-06-22,28.220059163365026,28.914836609126443,27.662518717594782,28.84621810913086,767200,0.0,0.0
2012-06-25,28.751864782050628,29.935564172494544,28.73470933905101,29.489532470703125,1188500,0.0,0.0
2012-06-26,29.60961663887286,30.604609406183172,29.386599156920866,30.141422271728516,1662700,0.0,0.0
2012-06-27,30.44163847097886,31.093528948535578,30.12426768168545,30.321550369262695,1038400,0.0,0.0
2012-06-28,30.09853484171749,30.681806793518902,29.592460744479972,29.789743423461914,700900,0.0,0.0
2012-06-29,30.56172185327159,30.99059809431977,30.10711081275561,30.235774993896484,884700,0.0,0.0
2012-07-02,30.355861742263496,32.76614754769764,30.21004538165482,32.68037033081055,1571200,0.0,0.0
2012-07-03,32.774723699198205,33.71825345445428,32.165720182374486,32.76614761352539,1035200,0.0,0.0
2012-07-05,32.22575956416305,32.59459338262646,31.788307250578924,32.105674743652344,949500,0.0,0.0
2012-07-06,31.779729212830098,31.891237953104195,31.093527872808913,31.350852966308594,589400,0.0,0.0
2012-07-09,32.062789342180274,32.062789342180274,30.939132390077503,31.10210418701172,516000,0.0,0.0
2012-07-10,31.470938023500945,32.22576113911449,30.613185524142953,31.10210418701172,1036300,0.0,0.0
2012-07-11,31.084952727608172,31.736843202325186,30.613186224515253,30.767581939697266,674100,0.0,0.0
2012-07-12,33.409460371281284,33.82118117668461,31.591025996066715,32.39731216430664,2321600,0.0,0.0
2012-07-13,33.82118198933767,35.81116756596872,33.24648610177465,34.7132453918457,3315000,0.0,0.0
2012-07-16,35.95698296798761,35.96556232528226,34.43018457614916,34.653202056884766,2025100,0.0,0.0
2012-07-17,34.63604769517772,35.039189154821784,33.10066989813323,33.41803741455078,1144500,0.0,0.0
2012-07-18,33.45234569996503,34.09566004034897,33.0234694730424,33.31510543823242,910400,0.0,0.0
2012-07-19,33.42661642877093,34.02704056932166,33.10924564354706,33.263641357421875,705200,0.0,0.0
2012-07-20,31.693954867873494,32.09709630945387,29.703969371175237,30.235774993896484,2738000,0.0,0.0
2012-07-23,29.172161578997535,29.80689987944887,28.72613315086718,29.29224967956543,1640300,0.0,0.0
2012-07-24,29.515263475193795,29.721125515468376,23.176473006312143,23.227937698364258,3782700,0.0,0.0
2012-07-25,26.37588903549337,26.847652250007677,24.50598834779717,25.00348472595215,3255200,0.0,0.0
2012-07-26,24.891979053280313,25.818351729171965,19.513870245671477,21.683984756469727,5089600,0.0,0.0
2012-07-27,21.726871113814198,21.95846468523825,18.227240922194227,19.445249557495117,4383200,0.0,0.0
2012-07-30,19.58248888858412,23.442375016184403,18.441678165201356,20.834808349609375,4895300,0.0,0.0
2012-07-31,20.39735507705355,21.46954570405532,19.994210354239726,20.294424057006836,1199500,0.0,0.0
2012-08-01,20.611793722229987,21.65825121160076,20.448820284726693,20.526018142700195,1537900,0.0,0.0
2012-08-02,21.718293629275017,21.82980237348812,20.68041386132609,21.006359100341797,1376600,0.0,0.0
2012-08-03,23.056386734411856,23.159317755401528,21.786913413060006,22.661821365356445,1528300,0.0,0.0
2012-08-06,22.816217162398672,23.931294774367007,22.4302278773149,23.502418518066406,1235800,0.0,0.0
2012-08-07,23.33086799603948,25.012062063302,23.176472288631086,23.725433349609375,1758900,0.0,0.0
2012-08-08,23.485262239943644,24.265818503801707,21.709714863769474,21.87268829345703,1165600,0.0,0.0
2012-08-09,21.54674437119495,23.279403246269474,21.16075507653078,22.927724838256836,1487200,0.0,0.0
2012-08-10,22.172903195634984,23.57961681926967,22.172903195634984,23.373756408691406,754100,0.0,0.0
2012-08-13,23.18504978243691,23.982758202838912,22.97918938658804,23.330867767333984,596400,0.0,0.0
2012-08-14,22.987766772806594,23.751167624496617,22.618934565219742,22.7390193939209,588300,0.0,0.0
2012-08-15,22.576045989990238,22.884837419699853,22.353030139203636,22.576045989990234,835800,0.0,0.0
2012-08-16,22.54173718288749,22.824795453671133,22.35303057834298,22.447383880615234,322700,0.0,0.0
2012-08-17,22.28440996285337,22.28440996285337,21.61536404774014,22.05281639099121,574400,0.0,0.0
2012-08-20,21.70113714262455,23.13358385316678,21.70113714262455,21.87268829345703,915700,0.0,0.0
2012-08-21,19.608222756755225,21.546743611307,19.110726370084986,20.81765365600586,1873800,0.0,0.0
2012-08-22,20.526016959692154,21.152175872914963,19.951322736807832,20.67183494567871,514700,0.0,0.0
2012-08-23,20.577482258290814,20.954893816006187,20.088563595540457,20.620370864868164,618100,0.0,0.0
2012-08-24,21.495277738862377,21.709715869318796,20.397355557986685,20.483129501342773,874900,0.0,0.0
2012-08-27,21.263685738328387,21.632517947352397,20.980625836373132,21.289417266845703,670500,0.0,0.0
2012-08-28,21.340882131717837,21.96704271922068,21.15217716492826,21.846956253051758,1000000,0.0,0.0
2012-08-29,22.08712732283388,23.40806698491284,21.7869136145402,23.056386947631836,1251600,0.0,0.0
2012-08-30,23.06496389797291,23.373755317440306,22.395918003837593,22.59320068359375,523700,0.0,0.0
2012-08-31,22.713285599427444,22.713285599427444,21.49527699513616,22.310142517089844,404300,0.0,0.0
2012-09-04,22.6703985384606,22.867681218216752,22.387340282626496,22.59320068359375,547600,0.0,0.0
2012-09-05,22.670398339207047,24.403058743827444,22.644665175799926,23.965604782104492,721000,0.0,0.0
2012-09-06,24.428791046142578,25.21792341929764,24.257241526085522,24.428791046142578,992300,0.0,0.0
2012-09-07,24.4888327094377,24.840511096214563,23.502417682233496,23.802631378173828,972100,0.0,0.0
2012-09-10,23.59677222810803,24.531722613975944,23.588194506508962,24.017070770263672,404100,0.0,0.0
2012-09-11,24.051381623441273,24.943443400081772,24.017070737092393,24.660385131835938,442900,0.0,0.0
2012-09-12,25.26938745303496,25.28654289540341,24.27439470012725,24.64322853088379,413400,0.0,0.0
2012-09-13,24.514566764479614,24.994907713834568,24.059957343462287,24.668962478637695,538200,0.0,0.0
2012-09-14,24.634651632218464,25.43236173262258,24.617497825310302,24.986330032348633,616900,0.0,0.0
2012-09-17,25.157879882740733,25.646798528935353,24.70327048461316,24.934864044189453,502200,0.0,0.0
2012-09-18,25.43236180007334,25.43236180007334,24.703271833467465,24.86624526977539,430500,0.0,0.0
2012-09-19,24.857666827295446,24.883399991029187,24.325861198395796,24.720426559448242,737200,0.0,0.0
2012-09-20,24.531722470611427,24.78904757294719,22.833372868715962,23.296558380126953,998400,0.0,0.0
2012-09-21,24.077112703186113,24.077112703186113,23.262248799992854,23.828365325927734,792200,0.0,0.0
2012-09-24,23.210782800670664,23.819787942380515,22.430228136081343,23.296558380126953,937800,0.0,0.0
2012-09-25,23.29655795933854,23.29655795933854,22.610356608148788,22.781906127929688,576200,0.0,0.0
2012-09-26,22.850525196542208,23.099274197259255,22.473115289019297,22.68755340576172,343400,0.0,0.0
2012-09-27,22.807638629824698,22.970612059512252,21.589630039806554,21.87268829345703,1111500,0.0,0.0
2012-09-28,21.64109570727042,21.872689280535802,21.28083958309086,21.812646865844727,429300,0.0,0.0
2012-10-01,22.112860449931883,22.927724358456015,21.855533713529717,22.7390193939209,435600,0.0,0.0
2012-10-02,22.99634323845771,23.57961517921038,22.78190512118293,23.004920959472656,428700,0.0,0.0
2012-10-03,22.97061212071909,23.30513506609746,22.584622848334025,23.03923225402832,385000,0.0,0.0
2012-10-04,23.167896170045015,23.167896170045015,22.335876799945876,22.970613479614258,506900,0.0,0.0
2012-10-05,22.739019385097635,23.056386899694143,21.778335847761877,22.05281639099121,582900,0.0,0.0
2012-10-08,21.572475418391658,22.02708484017339,20.079986239075826,20.611793518066406,1541500,0.0,0.0
2012-10-09,20.56032599673065,21.22937350839122,20.165760648133155,20.551748275756836,607000,0.0,0.0
2012-10-10,20.474552072850354,21.169331111867386,20.474552072850354,20.757610321044922,380200,0.0,0.0
2012-10-11,21.006359305353616,21.229375159923247,20.61179392606104,20.920583724975586,383800,0.0,0.0
2012-10-12,20.86054061106853,21.5381658737303,20.75761122688767,21.460968017578125,366300,0.0,0.0
2012-10-15,21.4609688946751,22.72186453663762,21.315150897765164,22.164325714111328,414000,0.0,0.0
2012-10-16,22.241522492444425,22.65324329805048,22.00135120449103,22.50742530822754,550600,0.0,0.0
2012-10-17,22.962034727139706,23.81978722375875,22.962034727139706,23.631080627441406,644400,0.0,0.0
2012-10-18,23.468108458579383,25.200767230866745,23.253670337827838,24.28297233581543,1233800,0.0,0.0
2012-10-19,24.43736843890396,24.69469516957849,23.313713126121026,23.836942672729492,1068800,0.0,0.0
2012-10-22,23.776898498354637,24.377325897397313,23.52815112631676,24.077112197875977,418800,0.0,0.0
2012-10-23,24.017069358757972,25.629643295848624,24.017069358757972,25.492403030395508,1095800,0.0,0.0
2012-10-24,25.217922924908397,27.267952492259667,25.217922924908397,26.007055282592773,1275300,0.0,0.0
2012-10-25,26.667525698795547,27.002048654566536,26.333002743024554,26.598905563354492,639600,0.0,0.0
2012-10-26,26.59032673895539,26.907695874726482,25.500980702485748,25.818349838256836,525100,0.0,0.0
2012-10-31,25.706841064400468,26.161450464726617,24.523143369785394,25.775461196899414,761300,0.0,0.0
2012-11-01,25.835506988252135,26.109987536775257,24.969176734455335,25.217924118041992,674800,0.0,0.0
2012-11-02,25.269387131197234,25.67253184155611,24.480256424695455,24.531721115112305,1285200,0.0,0.0
2012-11-05,24.308705208784442,25.30369794629863,23.41664185182248,24.00849151611328,1037600,0.0,0.0
2012-11-06,24.300128194136846,25.05494967225014,22.52458078568234,22.55031394958496,1602900,0.0,0.0
2012-11-07,28.769019096069393,29.53241828323019,26.247226335246864,28.82906150817871,5769400,0.0,0.0
2012-11-08,29.21505114984956,31.73684230653298,29.026344553938756,31.23076820373535,3036200,0.0,0.0
2012-11-09,31.38516381078745,32.29438263018243,30.23577534071179,30.39017105102539,1634300,0.0,0.0
2012-11-12,30.921977789578694,30.921977789578694,28.648935567615123,30.321550369262695,1032800,0.0,0.0
2012-11-13,29.849786739643406,30.167154252654562,28.83763851451642,28.88910484313965,767100,0.0,0.0
2012-11-14,28.5202698752205,29.112117906717398,27.405192308948394,27.422346115112305,1073900,0.0,0.0
2012-11-15,27.31083886032646,27.413768240866986,25.526713782638286,26.101408004760742,1374000,0.0,0.0
2012-11-16,26.075676142720358,27.104979815683343,25.097838798628686,26.633214950561523,1704500,0.0,0.0
2012-11-19,27.48239140703238,27.61105232123526,25.60391293828135,25.989900588989258,832200,0.0,0.0
2012-11-20,25.89554886122567,26.59032793962334,25.663955289748753,26.315847396850586,600200,0.0,0.0
2012-11-21,26.195762012993193,27.010625902568925,26.161451127857518,26.890541076660156,396600,0.0,0.0
2012-11-23,26.890541308643737,27.225064261437257,26.41877645015658,26.64179229736328,254100,0.0,0.0
2012-11-26,26.63321390531819,28.151436190743073,26.63321390531819,28.0999698638916,632400,0.0,0.0
2012-11-27,28.3058329186322,28.837638560318883,27.559589148774055,27.602476119995117,766700,0.0,0.0
2012-11-28,27.370881309972035,27.722559693371764,26.847651777387217,27.22506332397461,677000,0.0,0.0
2012-11-29,27.31941704601912,29.180740008786128,27.233641470087825,29.026344299316406,851500,0.0,0.0
2012-11-30,28.96630307907121,30.227200334276965,28.96630307907121,29.566730499267578,1037900,0.0,0.0
2012-12-03,29.84121118196934,30.01276234168108,28.425918204430257,29.120698928833008,569600,0.0,0.0
2012-12-04,29.65250429845956,29.65250429845956,28.571737565016143,28.84621810913086,879900,0.0,0.0
2012-12-05,28.811905841585464,29.41233323007107,28.168591483650747,29.077810287475586,491300,0.0,0.0
2012-12-06,28.983457622070322,29.26651424424601,28.331563892822256,28.65751075744629,1360500,0.0,0.0
2012-12-07,28.19432329090702,29.50668681913192,28.19432329090702,28.70897674560547,551400,0.0,0.0
2012-12-10,28.734708791293897,29.97845057249447,28.734708791293897,28.940570831298828,1013200,0.0,0.0
2012-12-11,28.897680734461343,29.498108142768416,28.897680734461343,29.249359130859375,683400,0.0,0.0
2012-12-12,29.34371280097925,29.678235758847297,28.880525656823718,28.9663028717041,552500,0.0,0.0
2012-12-13,28.777596203440737,29.23220726107353,28.777596203440737,28.880525588989258,355800,0.0,0.0
2012-12-14,28.880524334596224,29.317979930292843,28.314407830568737,28.43449592590332,615500,0.0,0.0
2012-12-17,29.09496306396092,29.88409706094792,28.58889223302214,29.738277435302734,1040100,0.0,0.0
2012-12-18,29.858366261710895,30.79331663509013,29.59246180379098,30.57029914855957,976200,0.0,0.0
2012-12-19,30.321550572912432,31.093529157370185,29.781168835858235,29.96129608154297,847000,0.0,0.0
2012-12-20,29.96129446139093,31.393739535900142,25.95559030455964,28.305831909179688,3359400,0.0,0.0
2012-12-21,28.897680511767845,28.897680511767845,26.60748291015625,26.60748291015625,1573000,0.0,0.0
2012-12-24,26.41020078990579,26.41020078990579,25.080683406624836,25.552448272705078,891200,0.0,0.0
2012-12-26,25.655377899468306,26.170029741827403,25.561024598159758,25.784040451049805,597300,0.0,0.0
2012-12-27,25.698265042249105,25.72399820714981,24.9605989781265,25.380897521972656,655000,0.0,0.0
2012-12-28,24.986330406125543,25.286544117956026,24.90055646220236,25.18361473083496,621900,0.0,0.0
2012-12-31,25.200767991134125,25.509559417862665,24.72900476566159,25.114994049072266,830300,0.0,0.0
2013-01-02,25.35516418842274,26.744723999188995,25.346586466846226,25.784040451049805,914400,0.0,0.0
2013-01-03,25.801194365843656,26.70183380959698,25.569600805095767,26.41877555847168,631100,0.0,0.0
2013-01-04,26.45308684888933,27.396614912471012,26.007055162682274,27.09640121459961,566100,0.0,0.0
2013-01-07,27.465234869373184,29.317980099818666,27.465234869373184,28.305831909179688,1392000,0.0,0.0
2013-01-08,28.30583317187221,29.1550096067375,28.30583317187221,28.726133346557617,914300,0.0,0.0
2013-01-09,28.786176105324945,28.846218520702575,28.014197518946514,28.46880531311035,468300,0.0,0.0
2013-01-10,28.065663279094437,28.69182222108538,28.065663279094437,28.56315803527832,395400,0.0,0.0
2013-01-11,28.837637992578596,29.95271558270387,28.588892255567167,29.50668716430664,1136900,0.0,0.0
2013-01-14,29.549573611753893,30.029912906778527,29.180739783322238,29.918407440185547,604600,0.0,0.0
2013-01-15,29.686815360032583,29.87552196225212,28.863373722819315,28.923416137695312,623000,0.0,0.0
2013-01-16,28.786174487298567,29.2922485827974,26.590326954409967,27.868379592895508,1857300,0.0,0.0
2013-01-17,28.468805313110348,28.648935831309473,27.2422205686012,28.46880531311035,755900,0.0,0.0
2013-01-18,28.408761704310287,28.691821598113403,27.405192856243442,27.490966796875,890600,0.0,0.0
2013-01-22,27.593895768967027,28.743284225463867,27.40519244797558,28.743284225463867,739200,0.0,0.0
2013-01-23,28.940571041648354,29.498108208262266,28.666087228958034,29.129274368286133,522700,0.0,0.0
2013-01-24,29.27509464536695,29.79832421005796,28.202903987251347,29.120698928833008,888000,0.0,0.0
2013-01-25,29.42948923032258,30.450213519657446,29.172160864616263,30.064224243164062,1218900,0.0,0.0
2013-01-28,30.029912958484296,30.45021311442057,29.60103671743612,30.235774993896484,951400,0.0,0.0
2013-01-29,30.9820202728771,31.050642045437996,30.06422533330548,30.40732765197754,1255300,0.0,0.0
2013-01-30,30.270085941527466,30.407326208066106,29.2922486334314,29.472375869750977,472800,0.0,0.0
2013-01-31,29.335135361736768,29.96129427716914,28.09139361593119,29.952714920043945,605000,0.0,0.0
2013-02-01,29.841210741086933,30.407327269325357,29.841210741086933,29.935564041137695,439900,0.0,0.0
2013-02-04,29.635348895059224,30.235776313137606,29.24078352137516,29.369447708129883,397400,0.0,0.0
2013-02-05,29.232207742396124,30.40732779028366,29.232207742396124,29.755434036254883,241900,0.0,0.0
2013-02-06,29.498108294916566,30.17573356310204,29.480952852068892,29.969871520996094,530600,0.0,0.0
2013-02-07,30.18430867703075,30.18430867703075,29.343711636945653,29.798322677612305,237800,0.0,0.0
2013-02-08,29.609617675749153,30.192889656880293,29.609617675749153,29.96129608154297,291800,0.0,0.0
2013-02-11,29.884097176609078,30.150001629069962,29.849786291375523,30.141422271728516,328000,0.0,0.0
2013-02-12,30.124266255045463,30.621764265253052,29.918407491699323,30.235774993896484,934300,0.0,0.0
2013-02-13,30.141422335661318,30.647496441698294,29.80689938408988,30.021337509155273,436900,0.0,0.0
2013-02-14,30.167154684206498,30.33012975781172,29.60103814951716,30.0899600982666,302300,0.0,0.0
2013-02-15,30.415902115518865,30.415902115518865,29.806898640815323,30.03849220275879,404400,0.0,0.0
2013-02-19,30.03849225491439,30.433057610584918,29.764011722963932,30.355859756469727,542900,0.0,0.0
2013-02-20,30.433058837691743,31.256500466745525,30.12426740878003,30.252931594848633,927200,0.0,0.0
2013-02-21,30.879090643637692,30.879090643637692,29.206472579360746,30.244352340698242,480600,0.0,0.0
2013-02-22,30.381591796875,30.450213567054455,30.01276123439177,30.381591796875,326600,0.0,0.0
2013-02-25,30.493100147627988,30.63891977136245,29.386598658123045,29.472375869750977,343600,0.0,0.0
2013-02-26,29.455221237302144,29.643927836006068,28.94914712701392,29.129274368286133,496200,0.0,0.0
2013-02-27,30.364439358274684,31.29081034305468,30.150001236456543,30.518835067749023,2822300,0.0,0.0
2013-02-28,30.458789954169173,30.870514035194283,30.038493059885813,30.21862030029297,769900,0.0,0.0
2013-03-01,29.944139972296956,30.85335881020555,29.68681487388997,30.61318588256836,540000,0.0,0.0
2013-03-04,30.518836159284916,30.85335911775518,30.321550200737967,30.656076431274414,283800,0.0,0.0
2013-03-05,30.810468244426843,30.810468244426843,29.686814563001434,30.22719955444336,585600,0.0,0.0
2013-03-06,30.17573245772359,30.17573245772359,29.5066865715031,29.832630157470703,624200,0.0,0.0
2013-03-07,29.523840084636166,29.80689998603053,28.95772355391363,29.489532470703125,800000,0.0,0.0
2013-03-08,29.67823433044633,29.67823433044633,28.606043736541967,28.992033004760742,664700,0.0,0.0
2013-03-11,28.803329630902017,28.863372042282112,27.834068419662465,28.674665451049805,733000,0.0,0.0
2013-03-12,28.194323113310336,30.6646511729305,28.194323113310336,30.355859756469727,1174200,0.0,0.0
2013-03-13,30.990597907775673,31.599601381102413,30.373015077322627,30.59602928161621,1687500,0.0,0.0
2013-03-14,30.347285479854214,30.81904871775362,19.934168635214256,22.087127685546875,9843000,0.0,0.0
2013-03-15,20.38877789754219,21.143599399156155,18.596074990671788,18.71615982055664,7559000,0.0,0.0
2013-03-18,19.007794872372564,20.122872444684614,18.656116485595703,19.29943084716797,3660000,0.0,0.0
2013-03-19,19.488136453470158,20.01994372994065,18.801935099346696,19.084993362426758,1329000,0.0,0.0
2013-03-20,18.990639690113035,19.402362130541913,18.65611674104555,19.093570709228516,1023400,0.0,0.0
2013-03-21,18.784780394620594,19.239389832111634,18.784780394620594,19.067838668823242,531100,0.0,0.0
2013-03-22,19.02495025245944,19.196499766698008,18.716158836383794,18.776201248168945,586500,0.0,0.0
2013-03-25,18.784779988025576,18.784779988025576,16.057126694185467,16.906301498413086,3123200,0.0,0.0
2013-03-26,16.897724995325714,17.30086808352279,16.134324153716015,16.597511291503906,958900,0.0,0.0
2013-03-27,16.134323390758713,16.68328608025544,15.422388911035554,16.57177734375,1747300,0.0,0.0
2013-03-28,16.486002204293904,16.98349858110514,16.211521670333642,16.443115234375,633300,0.0,0.0
2013-04-01,16.400228748167795,16.6489761258935,14.79623083098344,15.027824401855469,1523100,0.0,0.0
2013-04-02,15.002091438764724,15.16506487630893,13.878436091138374,14.461708068847656,1679900,0.0,0.0
2013-04-03,14.007098644886618,15.74833685675907,13.809815957107409,14.942049026489258,2081300,0.0,0.0
2013-04-04,15.079288996962864,15.26799395939761,14.487439309461838,15.207951545715332,796500,0.0,0.0
2013-04-05,14.77049739944209,15.336613916199006,14.015675922443885,14.110029220581055,1632900,0.0,0.0
2013-04-08,14.444553056394062,17.05211995468026,14.101452363992344,16.297298431396484,2994400,0.0,0.0
2013-04-09,16.923455746158414,17.56677009507401,16.391650133899994,16.408803939819336,2137800,0.0,0.0
2013-04-10,16.331608754512025,18.42452372388371,16.297297868440474,18.038536071777344,2434000,0.0,0.0
2013-04-11,18.1843534853304,18.218662734274197,17.197936810675913,17.28371238708496,1260400,0.0,0.0
2013-04-12,16.623243459548263,17.695434131594368,16.44311621194042,17.3437557220459,1770800,0.0,0.0
2013-04-15,16.89772541015668,17.16362823502581,15.722603730131125,15.945619583129883,867400,0.0,0.0
2013-04-16,16.048548588402106,17.352332789068264,16.039972503058454,17.077852249145508,1050100,0.0,0.0
2013-04-17,16.434538399427968,17.052119634142038,15.894155023557296,16.185791015625,593800,0.0,0.0
2013-04-18,16.262986894089536,16.59751148733889,15.816956829812213,16.031394958496094,549600,0.0,0.0
2013-04-19,15.979929306508602,16.185791358473665,15.834111307386022,16.13432502746582,672800,0.0,0.0
2013-04-22,16.709017723750108,17.15504940081933,15.696869547336487,16.769060134887695,1138800,0.0,0.0
2013-04-23,16.77763908538023,17.034965826869268,16.039973019591148,16.185791015625,981300,0.0,0.0
2013-04-24,16.151479794344276,16.571778330431084,15.911308501137636,16.511735916137695,784200,0.0,0.0
2013-04-25,16.51173612245792,17.746900217759624,16.51173612245792,17.592504501342773,1154700,0.0,0.0
2013-04-26,17.618236990639073,19.162190823549018,17.240825435648603,18.613229751586914,1947700,0.0,0.0
2013-04-29,18.8877099821124,18.956330114997925,17.31802301082711,17.489572525024414,924900,0.0,0.0
2013-04-30,17.34375531486521,18.012802867486627,16.829105113192064,17.51530647277832,769400,0.0,0.0
2013-05-01,17.46384132502496,18.18435355184352,17.112162932891263,17.16362762451172,835100,0.0,0.0
2013-05-02,17.506727835195843,18.330171059643703,17.112162483088643,18.09857749938965,534000,0.0,0.0
2013-05-03,18.150043351735132,18.57034189390278,17.772631781530933,17.90987205505371,527700,0.0,0.0
2013-05-06,17.326602104709366,18.141466042781623,17.326602104709366,17.944183349609375,409600,0.0,0.0
2013-05-07,17.729744438717038,18.141465250673473,17.583926446645002,17.91844940185547,402800,0.0,0.0
2013-05-08,17.93560559007885,18.25297475167211,17.66970275914383,18.10715675354004,397500,0.0,0.0
2013-05-09,17.70401204746502,18.1328883209872,17.686858239909323,17.944183349609375,522000,0.0,0.0
2013-05-10,17.892718381776376,18.40736859332128,17.695434055582165,18.150043487548828,294500,0.0,0.0
2013-05-13,18.064268083655513,19.925591165981274,18.064268083655513,19.711153030395508,1500900,0.0,0.0
2013-05-14,19.788350348497723,20.500284873716055,19.47098283269544,20.3287353515625,1834200,0.0,0.0
2013-05-15,20.44024185367135,20.44024185367135,19.711151907025133,19.73688507080078,832300,0.0,0.0
2013-05-16,19.771194471464092,19.985632596473607,19.10214856849556,19.127880096435547,692700,0.0,0.0
2013-05-17,19.299430908942018,19.38520648463281,18.759047563346176,19.179346084594727,843600,0.0,0.0
2013-05-20,19.119303550782945,20.045676163077204,19.119303550782945,19.41951560974121,871800,0.0,0.0
2013-05-21,19.350896630434768,19.685421229839964,19.29943193669286,19.43667221069336,633200,0.0,0.0
2013-05-22,19.47098271377689,20.019943798968452,18.784779721254356,18.964908599853516,678800,0.0,0.0
2013-05-23,18.73331399877721,19.23081036389353,18.304437765537866,19.145034790039062,811200,0.0,0.0
2013-05-24,18.913441575811397,19.342317816859577,18.53603166163278,19.29943084716797,375300,0.0,0.0
2013-05-28,19.52244739139353,20.088563919067383,19.342318512933804,20.088563919067383,810300,0.0,0.0
2013-05-29,19.96847837217501,20.72329983656527,19.50529124654713,20.5860595703125,846400,0.0,0.0
2013-05-30,20.697566296916406,20.99777998739983,20.32873411058688,20.594636917114258,449800,0.0,0.0
2013-05-31,20.47455372276922,20.783343522753047,20.26869167473583,20.320158004760742,386000,0.0,0.0
2013-06-03,20.277268153227244,20.586059570312496,19.642531512799906,20.5860595703125,578200,0.0,0.0
2013-06-04,20.16576149387588,20.16576149387588,19.42809381952035,19.814083099365234,706600,0.0,0.0
2013-06-05,19.8741251014936,20.46597477300003,19.4967135507905,19.77977180480957,611800,0.0,0.0
2013-06-06,19.93416734206485,20.431663712607417,19.779771634649396,20.345888137817383,620900,0.0,0.0
2013-06-07,20.423085780644712,21.263684441667728,20.234380826881544,21.237951278686523,563900,0.0,0.0
2013-06-10,21.375192331408346,22.516003089150658,21.186487370680698,21.26368522644043,1101100,0.0,0.0
2013-06-11,20.869117763954502,21.52958756591746,20.380199112330732,21.349458694458008,315200,0.0,0.0
2013-06-12,21.49527721702387,21.91557574619094,20.586060024050877,20.9377384185791,628900,0.0,0.0
2013-06-13,20.877696112507692,21.22937450884223,20.6032155725425,21.135021209716797,296900,0.0,0.0
2013-06-14,21.44381270116689,21.44381270116689,20.8948516195476,21.014936447143555,267900,0.0,0.0
2013-06-17,21.246530354543502,21.246530354543502,19.796928134823087,20.002788543701172,721900,0.0,0.0
2013-06-18,19.959900979505807,20.019943392475373,19.00779518517969,19.61680030822754,592900,0.0,0.0
2013-06-19,19.5653345577222,19.70257483028233,19.17076918312009,19.52244758605957,426900,0.0,0.0
2013-06-20,19.170768832775604,19.59106736431422,18.699003972942656,18.887710571289062,924800,0.0,0.0
2013-06-21,18.999218020272014,19.119304485760843,18.24439652135542,18.836244583129883,1154800,0.0,0.0
2013-06-24,18.43310132707538,18.441679048538205,16.974923035089887,17.15505027770996,859200,0.0,0.0
2013-06-25,17.30086741526595,17.721165929968965,15.971351738879541,16.16863441467285,1048900,0.0,0.0
2013-06-26,17.215092791539135,17.30086837063068,16.194366836019263,16.871992111206055,799700,0.0,0.0
2013-06-27,16.914879287381094,17.300868579946414,16.914879287381094,17.266557693481445,369000,0.0,0.0
2013-06-28,17.32660181349729,17.643969334391073,16.914879354450715,17.146472930908203,457200,0.0,0.0
2013-07-01,17.412374532584284,17.927026343150416,17.155049445317722,17.455263137817383,654100,0.0,0.0
2013-07-02,17.54103923931011,17.57534848849448,16.657553577358073,16.83768081665039,354100,0.0,0.0
2013-07-03,16.751906538766093,16.906300611040237,16.391650431393714,16.88914680480957,154300,0.0,0.0
2013-07-05,17.155049462336006,17.155049462336006,16.323030152384593,16.648975372314453,239700,0.0,0.0
2013-07-08,16.468849183159282,16.56320084868604,15.894154924266925,16.26298713684082,527400,0.0,0.0
2013-07-09,16.340184257072263,16.340184257072263,14.693299413150516,15.096444129943848,1336200,0.0,0.0
2013-07-10,15.113599342441868,15.602517991849956,14.967781356124279,15.24226188659668,784300,0.0,0.0
2013-07-11,15.388080572444455,16.1257466226145,15.353769686559152,16.031394958496094,523300,0.0,0.0
2013-07-12,15.919885693992603,16.88056919888656,15.919885693992603,16.443115234375,585200,0.0,0.0
2013-07-15,16.41738298866954,16.68328745233868,16.100015467046937,16.503158569335938,751300,0.0,0.0
2013-07-16,16.56320074306178,16.666131765564614,15.77406835731704,16.065704345703125,558600,0.0,0.0
2013-07-17,16.06570379792494,16.323030527391637,15.868421117223605,15.99708366394043,753500,0.0,0.0
2013-07-18,16.039972398243748,16.194366473916595,15.69687008954927,15.756914138793945,396100,0.0,0.0
2013-07-19,15.705447837500362,15.722603280170787,15.165064481646473,15.491009712219238,342200,0.0,0.0
2013-07-22,15.551051806772046,15.551051806772046,14.924892886433904,15.276571273803711,684500,0.0,0.0
2013-07-23,15.293726809718054,15.439544798253996,15.010668553858052,15.096444129943848,383600,0.0,0.0
2013-07-24,15.04497932625218,15.18221959255044,14.804808042213715,14.899161338806152,302500,0.0,0.0
2013-07-25,14.899162059300759,16.1514799588403,14.324467802873311,16.108592987060547,1002200,0.0,0.0
2013-07-26,16.03139403306594,16.58893280825286,15.86842060658475,16.408803939819336,426700,0.0,0.0
2013-07-29,16.323029922348596,16.93203338438316,16.288719038611614,16.691862106323242,438000,0.0,0.0
2013-07-30,16.811948480961448,16.854835449389466,16.365916810764933,16.53746795654297,336000,0.0,0.0
2013-07-31,16.537468734148838,16.67470900281123,16.305875167268656,16.35733985900879,342700,0.0,0.0
2013-08-01,16.477425503807805,16.854837079398678,16.340185228326238,16.700441360473633,331000,0.0,0.0
2013-08-02,16.606088664926293,16.829104507777267,16.434537513184615,16.443115234375,155100,0.0,0.0
2013-08-05,16.365917805000826,16.503158075547464,15.362347304107862,15.731181144714355,460800,0.0,0.0
2013-08-06,15.834110635706606,16.33160866481307,15.696870364240368,15.92846393585205,447900,0.0,0.0
2013-08-07,15.911308730606901,16.057126725722267,15.576785768414702,15.885577201843262,183700,0.0,0.0
2013-08-08,15.954197306693112,17.78120946674748,15.868421726908606,17.112163543701172,1283600,0.0,0.0
2013-08-09,17.335177867239988,17.583926886540606,16.477425336189228,16.62324333190918,376700,0.0,0.0
2013-08-12,16.8719914126225,17.944182016790087,16.8719914126225,17.849828720092773,630500,0.0,0.0
2013-08-13,18.012802873423503,18.26155188887619,17.438108621068192,17.995647430419922,479600,0.0,0.0
2013-08-14,18.647539819919484,18.76762465067932,18.064267837314922,18.475990295410156,558900,0.0,0.0
2013-08-15,18.27012853542692,18.27012853542692,17.19793785527198,17.583927154541016,803300,0.0,0.0
2013-08-16,17.24082527649637,19.222233058847884,17.0692741250753,17.892717361450195,1025400,0.0,0.0
2013-08-19,17.918449606560017,18.801935290505284,17.918449606560017,18.038536071777344,643900,0.0,0.0
2013-08-20,18.004224180253477,18.39021344683723,17.79836378341981,18.261550903320312,276100,0.0,0.0
2013-08-21,18.158620349578904,18.441678606941803,17.841251207186293,17.96991539001465,450600,0.0,0.0
2013-08-22,18.090000935545323,18.321594510614272,17.832675831713008,18.115734100341797,229500,0.0,0.0
2013-08-23,18.201508281670773,18.415946416339043,17.944183174482102,18.347326278686523,296700,0.0,0.0
2013-08-26,18.338747794174527,18.44167881438845,17.72974430234408,17.884140014648438,274000,0.0,0.0
2013-08-27,17.643967900275083,17.875561457908457,16.683286057995353,16.734750747680664,523500,0.0,0.0
2013-08-28,16.67470932006836,17.30086826225811,16.563200577137913,16.67470932006836,272800,0.0,0.0
2013-08-29,16.631820249925305,17.112162822048326,16.6146664435183,16.966344833374023,276700,0.0,0.0
2013-08-30,16.906301080662764,17.01780982244121,16.408804693427477,16.597511291503906,308600,0.0,0.0
2013-09-03,16.9063004119292,17.35233208933395,16.588932913953787,16.97492218017578,463700,0.0,0.0
2013-09-04,16.957767106730433,17.79836415362731,16.751906705614854,17.60965919494629,367600,0.0,0.0
2013-09-05,17.626812852666866,17.866984136625735,17.16362736307201,17.369487762451172,259000,0.0,0.0
2013-09-06,17.43810762632379,17.43810762632379,16.726173142617792,16.93203353881836,215700,0.0,0.0
2013-09-09,17.034965290691016,17.55819320678711,16.889147299246808,17.55819320678711,289800,0.0,0.0
2013-09-10,17.669701983309434,18.141465208063998,17.455263856414984,17.60108184814453,338700,0.0,0.0
2013-09-11,17.60965991071877,18.004225286553105,17.506728887960666,17.755477905273438,368100,0.0,0.0
2013-09-12,17.892718421525856,18.13288808450486,17.472419875279474,17.506729125976562,246800,0.0,0.0
2013-09-13,17.58392674624953,17.884140456928705,17.283713035570358,17.54961585998535,290800,0.0,0.0
2013-09-16,18.021380944355315,18.021380944355315,16.98349952697754,16.98349952697754,343400,0.0,0.0
2013-09-17,17.043543711141474,17.892718530488057,17.043543711141474,17.223670959472656,435900,0.0,0.0
2013-09-18,17.275134244480512,17.626812626750034,17.077851568774783,17.618236541748047,241000,0.0,0.0
2013-09-19,17.67827889331196,17.79836371533062,17.172204806186183,17.73832130432129,511700,0.0,0.0
2013-09-20,17.89271835156998,17.89271835156998,17.197937622297662,17.626813888549805,553900,0.0,0.0
2013-09-23,17.20651550893281,17.729745082308053,16.709019100751362,17.704011917114258,536700,0.0,0.0
2013-09-24,17.67827980225241,17.995647315628812,17.2922905172994,17.318023681640625,317300,0.0,0.0
2013-09-25,17.29229042188594,17.841251503205154,17.197937122521797,17.60108184814453,251400,0.0,0.0
2013-09-26,17.67827950220925,17.858406741441406,17.438108213866656,17.686857223510742,144800,0.0,0.0
2013-09-27,17.506727592757496,17.83267444401599,17.292289477573274,17.498149871826172,129200,0.0,0.0
2013-09-30,17.22366934615564,17.62681241373011,17.077851362389048,17.498149871826172,231900,0.0,0.0
2013-10-01,17.39522103768684,17.798364117891282,17.1293165885842,17.566770553588867,186200,0.0,0.0
2013-10-02,17.403799431736758,17.755477834370165,17.335177659483314,17.395221710205078,152200,0.0,0.0
2013-10-03,17.29229068300105,17.541039699250618,16.468849048588186,16.70901870727539,485200,0.0,0.0
2013-10-04,16.614667244458445,16.897725514232363,16.468849248754722,16.829105377197266,162500,0.0,0.0
2013-10-07,16.614666092492257,16.820526489324365,16.15147897259526,16.16863441467285,276700,0.0,0.0
2013-10-08,16.168634582703085,16.254410157949458,15.276571217793634,15.499587059020996,426900,0.0,0.0
2013-10-09,15.516742536935464,15.791223069528217,15.027823883750493,15.542475700378418,315500,0.0,0.0
2013-10-10,15.894155226064568,16.443116330582495,15.696870897599439,16.10001564025879,269600,0.0,0.0
2013-10-11,15.988505657608576,16.61466620958978,15.988505657608576,16.365917205810547,211300,0.0,0.0
2013-10-14,16.151478868204123,16.72617308582507,16.142901147220766,16.614665985107422,179000,0.0,0.0
2013-10-15,16.58035500535805,16.700439826365102,16.00566079105819,16.254409790039062,203300,0.0,0.0
2013-10-16,16.374494952062392,16.640397762415564,16.185789995688047,16.202943801879883,270300,0.0,0.0
2013-10-17,16.074281232568072,16.674708621251526,16.074281232568072,16.365917205810547,230200,0.0,0.0
2013-10-18,16.49458040771846,16.92345666357822,16.37449557960831,16.631820678710938,312800,0.0,0.0
2013-10-21,16.726173613492865,18.287282888986912,16.726173613492865,17.764053344726562,712400,0.0,0.0
2013-10-22,17.875561832439207,18.613229489527292,17.764053093746206,18.1757755279541,545200,0.0,0.0
2013-10-23,17.978491613251855,18.338747728664078,17.892717672085233,18.00422477722168,282400,0.0,0.0
2013-10-24,18.11573305837194,19.1707682138479,18.072844452844656,18.93917465209961,725500,0.0,0.0
2013-10-25,19.153614176218472,19.685421471524425,19.153614176218472,19.39378547668457,640000,0.0,0.0
2013-10-28,19.470981561305695,19.899857792735048,19.230810282733387,19.42809295654297,523400,0.0,0.0
2013-10-29,19.436671555197304,19.69399665126175,18.99063986172141,19.17076873779297,293300,0.0,0.0
2013-10-30,19.102148552403033,19.162190965589826,18.493143427151875,18.647539138793945,304900,0.0,0.0
2013-10-31,18.72473699461498,18.810512571753137,18.313016187591497,18.647539138793945,333500,0.0,0.0
2013-11-01,18.553186076228073,19.093571073845894,18.44167896975388,18.604652404785156,259300,0.0,0.0
2013-11-04,18.604651680963816,18.870554490698044,18.047112898217975,18.458833694458008,253300,0.0,0.0
2013-11-05,18.261551714518905,18.390214263751155,17.901295595048758,17.91844940185547,199200,0.0,0.0
2013-11-06,17.95276011464268,18.15004279730109,17.618237162653806,17.841251373291016,295900,0.0,0.0
2013-11-07,17.746899247991095,18.038535221723745,16.53746838352518,16.84625816345215,393100,0.0,0.0
2013-11-08,16.726173261088512,17.927026398780573,16.726173261088512,17.77263069152832,206500,0.0,0.0
2013-11-11,17.78978628235442,18.158620111421136,17.403798647030875,18.012802124023438,161800,0.0,0.0
2013-11-12,17.789787393066508,18.35590393571316,17.678280283286526,17.987070083618164,382700,0.0,0.0
2013-11-13,17.78978625714452,18.347325042510455,17.54103888842625,18.1757755279541,255100,0.0,0.0
2013-11-14,18.098577286725305,18.41594478168531,17.86698372919255,17.978490829467773,178900,0.0,0.0
2013-11-15,17.918449572936886,18.287283417348473,17.832675629985154,17.995647430419922,276900,0.0,0.0
2013-11-18,17.952759386489475,17.995646355403377,17.103584640936848,17.257980346679688,285900,0.0,0.0
2013-11-19,17.009232065616658,17.601081750656498,16.51173567941836,16.554622650146484,545000,0.0,0.0
2013-11-20,16.546045816889503,16.940611165058318,16.434537080384064,16.57177734375,378300,0.0,0.0
2013-11-21,16.597510711846343,17.318022921442026,16.125745869164426,17.129316329956055,634300,0.0,0.0
2013-11-22,17.172205745431146,17.318023738443554,16.494580473187273,16.511735916137695,447600,0.0,0.0
2013-11-25,16.511735015335624,16.717595411410656,16.13432347118157,16.288719177246094,416200,0.0,0.0
2013-11-26,16.27156434571879,16.451693221563257,16.21152193244832,16.237255096435547,353900,0.0,0.0
2013-11-27,16.297296717879874,17.20651386615657,16.297296717879874,17.01780891418457,325000,0.0,0.0
2013-11-29,17.09500711754972,17.292289794486866,16.914878246756622,17.172204971313477,192400,0.0,0.0
2013-12-02,17.14647167979496,17.275134223094504,16.66613075466126,16.769060134887695,225900,0.0,0.0
2013-12-03,16.503157190047286,16.94918886340794,16.503157190047286,16.734750747680664,178400,0.0,0.0
2013-12-04,16.606088205450895,17.06927368468466,16.425959337502828,16.734750747680664,172400,0.0,0.0
2013-12-05,16.72617363009469,16.92345631103249,16.400228402285844,16.47742462158203,137300,0.0,0.0
2013-12-06,16.9577678265867,16.9577678265867,16.417382819190085,16.425960540771484,261600,0.0,0.0
2013-12-09,16.46884784651427,16.60608810889914,15.876998192458904,16.374494552612305,460100,0.0,0.0
2013-12-10,16.297297919309678,16.331608805488326,16.022817374012917,16.065704345703125,242800,0.0,0.0
2013-12-11,16.04854886003221,16.168635325305743,14.719033108766212,15.165064811706543,696100,0.0,0.0
2013-12-12,15.688293833694749,15.954196647612259,14.779075015985907,14.933470726013184,419500,0.0,0.0
2013-12-13,15.010668460972061,16.074281344168405,14.796230340101031,15.919885635375977,461700,0.0,0.0
2013-12-16,16.691863502188163,17.0606973530397,16.108593154180078,16.6661319732666,592600,0.0,0.0
2013-12-17,16.648976462709122,16.666131905942944,15.82553481988301,16.305875778198242,444300,0.0,0.0
2013-12-18,16.297297390060724,16.700440473369277,16.12574623680476,16.683286666870117,424100,0.0,0.0
2013-12-19,16.606089657444908,17.155050758175935,16.383073801264647,16.863414764404297,576300,0.0,0.0
2013-12-20,16.829105671833254,17.47242008131256,16.383073955279645,17.42095375061035,913700,0.0,0.0
2013-12-23,17.583925909297108,17.60965907277041,17.1378942252914,17.206514358520508,438800,0.0,0.0
2013-12-24,17.180783820128436,17.33517790175718,16.51173625560474,16.6661319732666,203200,0.0,0.0
2013-12-26,16.734751591943716,16.98349896799943,16.142901904588562,16.434537887573242,343200,0.0,0.0
2013-12-27,16.5117360534292,16.96634547919683,16.365918059204343,16.751907348632812,343000,0.0,0.0
2013-12-30,16.751906676072668,17.034964931611544,16.683286542488485,16.9234561920166,276600,0.0,0.0
2013-12-31,16.923455901946546,16.940611344056805,16.47742422327789,16.648975372314453,311400,0.0,0.0
2014-01-02,16.52889039745268,16.648975219053035,16.228676707418806,16.408803939819336,192700,0.0,0.0
2014-01-03,16.40022817753682,16.769060370570514,16.297297159830727,16.726173400878906,160000,0.0,0.0
2014-01-06,16.76048534477057,17.095008310400413,16.49458088057098,16.54604721069336,223200,0.0,0.0
2014-01-07,16.64039894445459,16.880570244563895,16.477425503807805,16.700441360473633,218600,0.0,0.0
2014-01-08,16.63182129241331,16.889148037044187,16.4002293490886,16.58035659790039,153300,0.0,0.0
2014-01-09,16.614666684988745,16.73475151174824,15.808378874951828,16.074281692504883,353000,0.0,0.0
2014-01-10,15.997083933338638,16.168635089205438,15.69687022858828,15.89415454864502,299500,0.0,0.0
2014-01-13,15.816956647012343,15.954196916901266,15.448122808173466,15.473855972290039,457900,0.0,0.0
2014-01-14,15.499587003805388,16.23725465785011,15.499587003805388,15.722602844238281,316600,0.0,0.0
2014-01-15,15.774067682885338,16.1171699858698,15.525320312857934,15.962774276733398,304700,0.0,0.0
2014-01-16,15.885576278551884,16.065703513560564,15.602518026371806,15.825533866882324,277000,0.0,0.0
2014-01-17,15.756913723070937,16.04854806011401,15.551051688872393,15.619671821594238,272700,0.0,0.0
2014-01-21,15.679716757175575,15.73975917220318,15.182220357761423,15.362347602844238,360600,0.0,0.0
2014-01-22,15.439545192886499,15.954197026522666,15.182220094084956,15.671138763427734,472200,0.0,0.0
2014-01-23,15.525320940450351,15.774068320533068,15.199374066645705,15.748336791992188,261300,0.0,0.0
2014-01-24,15.53389797429554,15.628249634823684,15.182219587518677,15.439544677734375,254600,0.0,0.0
2014-01-27,15.30230504984088,15.611096479807847,15.027824505884952,15.122176170349121,288200,0.0,0.0
2014-01-28,15.105021872496604,15.645405221344427,15.079288708824595,15.57678508758545,332000,0.0,0.0
2014-01-29,15.65398345260399,16.039972740095134,15.293727329623287,15.328038215637207,288500,0.0,0.0
2014-01-30,15.593940671278878,15.825534238325528,15.370924825533924,15.714025497436523,335400,0.0,0.0
2014-01-31,15.267994065756621,15.722603486284148,15.267994065756621,15.405234336853027,207900,0.0,0.0
2014-02-03,15.379502765829189,16.142901976186884,14.667568247981443,14.984935760498047,704500,0.0,0.0
2014-02-04,15.087866546732236,15.473855824632228,15.044979576313592,15.130753517150879,207100,0.0,0.0
2014-02-05,14.984935273251418,15.19079567263058,14.66756777105426,14.79623031616211,318500,0.0,0.0
2014-02-06,14.839117347925102,14.976357614751947,14.44455198980618,14.676145553588867,441600,0.0,0.0
2014-02-07,14.727610791668518,14.916315756556243,14.470285690818612,14.64183521270752,198100,0.0,0.0
2014-02-10,14.547481336664225,14.873428196613052,14.496016645737104,14.633256912231445,298100,0.0,0.0
2014-02-11,14.607526063274976,14.710455449910084,14.25584765954434,14.461708068847656,293500,0.0,0.0
2014-02-12,14.444551924308625,14.453129645450536,13.586799442513733,14.0499849319458,608100,0.0,0.0
2014-02-13,13.758351233138297,15.954197230565025,13.758351233138297,15.105022430419922,1351800,0.0,0.0
2014-02-14,15.396657912234458,15.851265686713434,15.233684480385538,15.456700325012207,515100,0.0,0.0
2014-02-18,15.50816481086076,16.940611521402992,15.405233793154668,16.726173400878906,1053900,0.0,0.0
2014-02-19,16.777638403552952,18.17577589153498,16.50315786594577,16.83768081665039,1085500,0.0,0.0
2014-02-20,16.940611374503092,17.15504949316769,16.631819960095513,17.129316329956055,266600,0.0,0.0
2014-02-21,17.498150372246492,17.58392594797983,16.48600217786578,16.606088638305664,566400,0.0,0.0
2014-02-24,16.60608938782974,17.060697178479224,16.46027139331141,16.58893394470215,262500,0.0,0.0
2014-02-25,16.751905990405415,16.94918866188089,15.885575816843984,16.014238357543945,396100,0.0,0.0
2014-02-26,15.997084474953178,16.69186357127406,15.962775224238051,16.54604721069336,225800,0.0,0.0
2014-02-27,16.443116085684416,16.897725516113244,16.3659182270072,16.62324333190918,261800,0.0,0.0
2014-02-28,16.71759567973398,17.069274066510843,16.297297159830727,16.726173400878906,299700,0.0,0.0
2014-03-03,16.880570035001327,21.864111771144845,15.036402424583077,17.952760696411133,5465700,0.0,0.0
2014-03-04,18.827668334199913,19.299431562423706,16.640398442172042,17.15505027770996,2254100,0.0,0.0
2014-03-05,17.343754107147888,17.549614500688854,16.854835467983975,17.180782318115234,718700,0.0,0.0
2014-03-06,17.172206207344942,18.338748546789862,15.945619815958427,16.383073806762695,2171300,0.0,0.0
2014-03-07,16.331608235791144,16.588933329022286,14.496016790092252,14.873428344726562,1953800,0.0,0.0
2014-03-10,14.761919338311733,14.761919338311733,13.518179228750194,13.792659759521484,1643400,0.0,0.0
2014-03-11,14.08429600213854,14.41024122966189,13.509601766320413,13.586799621582031,1288200,0.0,0.0
2014-03-12,13.706884317030976,13.706884317030976,12.600383644151774,13.046415328979492,1614900,0.0,0.0
2014-03-13,13.14076806593109,13.243698267986048,12.394523487520237,12.497453689575195,1028700,0.0,0.0
2014-03-14,12.497453402378595,13.157923206240714,12.102887227893612,12.866287231445312,800900,0.0,0.0
2014-03-17,12.883442641539878,13.089303040404602,12.102887197648906,12.283015251159668,771600,0.0,0.0
2014-03-18,12.162930373135866,12.823399354379085,12.162930373135866,12.506031036376953,500100,0.0,0.0
2014-03-19,12.50603116745841,12.634693713018263,12.102887270412218,12.403100967407227,572700,0.0,0.0
2014-03-20,12.823399488787025,13.037837610064456,12.265860700672313,12.403100967407227,451200,0.0,0.0
2014-03-21,12.428833996878701,12.437411718525796,11.888449803360077,12.128621101379395,754900,0.0,0.0
2014-03-24,12.471721577046477,12.763357564003458,11.922759671126478,12.111465454101562,615600,0.0,0.0
2014-03-25,12.128620685174997,12.377368878288836,11.819829260608486,11.85413932800293,333700,0.0,0.0
2014-03-26,12.008534859612755,12.008534859612755,10.876301834614553,10.89345645904541,818000,0.0,0.0
2014-03-27,10.97923241796744,12.737625247308754,10.8934568387736,11.468151092529297,1278800,0.0,0.0
2014-03-28,11.528192885506114,12.034266975823702,11.468150474118096,11.922759056091309,727600,0.0,0.0
2014-03-31,12.094310355286867,13.03783759716407,11.879872234221613,12.162930488586426,851800,0.0,0.0
2014-04-01,12.137197604674997,12.65184943429355,12.137197604674997,12.437411308288574,311900,0.0,0.0
2014-04-02,12.574651990455607,12.669005292522849,12.35163613577229,12.608962059020996,234800,0.0,0.0
2014-04-03,13.166501354562776,13.569644445255845,12.952063227081405,13.278008460998535,967000,0.0,0.0
2014-04-04,13.543912005753587,13.543912005753587,12.137197604674997,12.437411308288574,845000,0.0,0.0
2014-04-07,12.222973481837276,12.343059129829005,11.579659088056367,11.828407287597656,456200,0.0,0.0
2014-04-08,11.794096658588906,12.300170755185546,11.63970094965664,12.162930488586426,339500,0.0,0.0
2014-04-09,12.154352957222372,12.737624917393527,12.008534967179584,12.72046947479248,318400,0.0,0.0
2014-04-10,12.669005297338124,12.669005297338124,11.691167115828005,11.78551959991455,376100,0.0,0.0
2014-04-11,11.66543402470522,11.794096569162205,11.150782210844266,11.1593599319458,542500,0.0,0.0
2014-04-14,11.365220181499431,11.493882724272073,10.816258308435408,11.022119522094727,442600,0.0,0.0
2014-04-15,11.365220638788278,11.408108427443617,10.378805589798173,11.030696868896484,458200,0.0,0.0
2014-04-16,11.150782499956732,11.965647211350262,11.022119952163841,11.67401123046875,444800,0.0,0.0
2014-04-17,11.596814092717214,11.828406840352965,11.390952872798575,11.716898918151855,380800,0.0,0.0
2014-04-21,11.682589259781926,12.068577731352974,11.408108714312123,11.888449668884277,315900,0.0,0.0
2014-04-22,11.871294786518085,12.437411308288576,11.871294786518085,12.437411308288574,423200,0.0,0.0
2014-04-23,12.343059062785956,12.385946034391827,12.094310864595776,12.291593551635742,179300,0.0,0.0
2014-04-24,12.437410873762289,12.66042671333992,12.137197180637287,12.566073417663574,341200,0.0,0.0
2014-04-25,12.45456690660766,14.753343907864142,11.605391295326925,13.741195678710938,1687500,0.0,0.0
2014-04-28,15.01924684264795,15.139331672086254,13.509602209000722,13.83554744720459,2010900,0.0,0.0
2014-04-29,13.955633980711927,14.281579220504828,13.526757718017889,13.715462684631348,563700,0.0,0.0
2014-04-30,13.749772876976445,13.844124537504587,13.278008030203635,13.509601593017578,420700,0.0,0.0
2014-05-01,13.449559066968705,13.83554669901864,13.149345373574526,13.312318801879883,368600,0.0,0.0
2014-05-02,13.33805193263881,14.187227554417895,13.295164142768504,13.475292205810547,490900,0.0,0.0
2014-05-05,13.398093546539188,13.586799319875375,12.437410873762289,12.566073417663574,483100,0.0,0.0
2014-05-06,12.454566919026965,13.029260351897609,12.162930932843432,12.274438858032227,732200,0.0,0.0
2014-05-07,12.231550857122915,12.437411260980697,11.7597868181031,12.017112731933594,417900,0.0,0.0
2014-05-08,12.017112574683512,12.068577265966251,11.399530553175014,11.536770820617676,436800,0.0,0.0
2014-05-09,11.365220585587362,11.862716968420807,11.365220585587362,11.49388313293457,229200,0.0,0.0
2014-05-12,11.605391436158348,12.437411614592996,11.588236811024068,12.4116792678833,606800,0.0,0.0
2014-05-13,12.711892160244885,13.0292604963706,12.042845419710035,12.068577766418457,458800,0.0,0.0
2014-05-14,12.017112794396366,12.308748777052362,11.708321368988122,11.794096946716309,233200,0.0,0.0
2014-05-15,11.699744503459222,11.999957390445534,11.493883279849236,11.974225044250488,294400,0.0,0.0
2014-05-16,12.205817652238201,12.214395373541004,11.699744365620655,11.836984634399414,573700,0.0,0.0
2014-05-19,11.991379909651942,12.73762532643075,11.854139636502545,12.651849746704102,750600,0.0,0.0
2014-05-20,12.66042743171045,12.720469846535742,12.180085659058479,12.231551170349121,416900,0.0,0.0
2014-05-21,12.24012899438758,12.411679336765202,12.008535418665371,12.188663482666016,264900,0.0,0.0
2014-05-22,12.222973383029483,12.68615971008678,12.214395661524438,12.454566955566406,311500,0.0,0.0
2014-05-23,12.488876744676501,13.68972991600347,12.248705455997886,13.303741455078125,615500,0.0,0.0
2014-05-27,13.655419593833138,13.663997314986492,12.866287244087767,13.106457710266113,504100,0.0,0.0
2014-05-28,13.029259939892148,13.646841960633282,12.669004647311047,13.466713905334473,391300,0.0,0.0
2014-05-29,13.466713725638146,14.007097884323828,13.389515871823548,13.895590782165527,540600,0.0,0.0
2014-05-30,13.895591145815207,13.912744952419468,13.466714078064049,13.543911933898926,252800,0.0,0.0
2014-06-02,13.36378420695093,13.552489990547958,12.866287810390489,12.874865531921387,365400,0.0,0.0
2014-06-03,12.746201534493881,13.406671335507516,12.694736843879305,13.089303016662598,340600,0.0,0.0
2014-06-04,12.960640227390595,13.440981996467501,12.909175534499543,13.097881317138672,156400,0.0,0.0
2014-06-05,13.166500951626494,14.307311689473671,12.994949800478171,13.98994255065918,638000,0.0,0.0
2014-06-06,13.929900618108189,14.744766160065176,13.929900618108189,14.28157901763916,638600,0.0,0.0
2014-06-09,14.247269537594628,14.90773771870254,14.247269537594628,14.530327796936035,788000,0.0,0.0
2014-06-10,14.77049786739864,15.070711577864826,14.264423747592726,14.839118003845215,593700,0.0,0.0
2014-06-11,14.684723093968666,15.019246035736263,14.427396369811813,14.496016502380371,438100,0.0,0.0
2014-06-12,14.504595109587957,14.54748208155103,14.067141124225543,14.135761260986328,407500,0.0,0.0
2014-06-13,14.221536561200137,14.25584744692217,13.706884727601189,13.86128044128418,470700,0.0,0.0
2014-06-16,14.041409144329947,14.041409144329947,13.029260114585943,13.784082412719727,516000,0.0,0.0
2014-06-17,13.724040337616229,13.904167581751553,13.509602207340974,13.698307991027832,268100,0.0,0.0
2014-06-18,13.681151814616356,14.538905107756351,13.63826402725688,14.496016502380371,439400,0.0,0.0
2014-06-19,14.624679521648314,14.667568128417892,13.904167288250026,14.30731201171875,299900,0.0,0.0
2014-06-20,13.852702687320965,14.839117745049752,13.732617859642023,13.9213228225708,1807900,0.0,0.0
2014-06-23,14.564637075604676,14.564637075604676,13.895591171827375,14.367354393005371,1480400,0.0,0.0
2014-06-24,14.367354701987374,15.48243232295226,14.367354701987374,14.684723854064941,1068200,0.0,0.0
2014-06-25,15.928463784072623,15.928463784072623,14.504594754153386,15.310882568359375,586900,0.0,0.0
2014-06-26,15.302305187816634,15.379503046004443,14.950626783197997,15.362347602844238,552600,0.0,0.0
2014-06-27,15.096444744965629,15.525321006833783,14.736188619555056,15.42238998413086,721000,0.0,0.0
2014-06-30,15.156487123631809,15.636828077686665,14.71903314124801,15.105022430419922,735000,0.0,0.0
2014-07-01,15.165064434223478,15.645405375261857,14.667568050568322,15.070711135864258,582400,0.0,0.0
2014-07-02,15.01924663740532,15.05355588704752,14.50459480450774,14.607525825500488,329300,0.0,0.0
2014-07-03,14.633257353723867,14.744766096135432,14.238691984656668,14.607525825500488,242300,0.0,0.0
2014-07-07,14.418819313535122,14.538905778091602,13.492446663131453,13.638264656066895,592400,0.0,0.0
2014-07-08,13.681151803783512,13.878435298274287,13.132190743669714,13.20938777923584,420900,0.0,0.0
2014-07-09,13.303741594540751,13.826971147917384,13.123613535151776,13.4409818649292,358600,0.0,0.0
2014-07-10,12.814822170006709,13.440981929167265,12.814822170006709,13.217966079711914,384900,0.0,0.0
2014-07-11,13.175078189640706,13.423826383508374,13.132191218780083,13.26085376739502,217900,0.0,0.0
2014-07-14,13.621109438299372,13.706884195223331,13.089303000511405,13.38951587677002,194700,0.0,0.0
2014-07-15,13.346628923785007,13.346628923785007,13.080725295554664,13.089303016662598,180800,0.0,0.0
2014-07-16,13.192233664708652,13.286586146056258,12.994950162597158,13.200811386108398,354700,0.0,0.0
2014-07-17,13.063570667660077,13.621110304182436,12.969218183640859,13.432404518127441,508700,0.0,0.0
2014-07-18,13.543912200266151,13.595377711173748,12.96921794887795,13.097881317138672,780900,0.0,0.0
2014-07-21,13.046415595309183,13.157923518792437,12.694737200178594,12.840555191040039,439600,0.0,0.0
2014-07-22,12.814821895152862,13.089303249371008,12.754779482362888,12.943485260009766,333400,0.0,0.0
2014-07-23,12.943485353001531,12.943485353001531,12.566073794996283,12.66042709350586,305500,0.0,0.0
2014-07-24,12.72904746581071,12.78051215867129,12.265861139982777,12.514609336853027,391600,0.0,0.0
2014-07-25,12.411678644978867,12.643271389776297,12.08573260362027,12.222972869873047,323200,0.0,0.0
2014-07-28,12.171507552509887,12.214395340892745,11.845562324039827,11.897027015686035,481800,0.0,0.0
2014-07-29,11.982803105445008,12.41167937160107,11.794097319291703,12.128621101379395,389500,0.0,0.0
2014-07-30,12.222972755117395,12.248705100294073,12.017112357670957,12.025690078735352,164800,0.0,0.0
2014-07-31,11.922759602262413,12.25728337678383,11.639701338442961,11.991379737854004,358300,0.0,0.0
2014-08-01,12.11146537520371,12.20581785706834,11.408108576901025,11.511038780212402,401300,0.0,0.0
2014-08-04,11.639701202283533,11.965647251538998,11.511038654058508,11.85413932800293,295500,0.0,0.0
2014-08-05,11.751209025994234,11.905604736965913,11.579658690479326,11.897027015686035,175400,0.0,0.0
2014-08-06,12.548918879872318,12.548918879872318,11.905604519907673,12.283015251159668,192800,0.0,0.0
2014-08-07,12.128620623056555,12.27443861324024,11.81125229677928,12.077155113220215,235700,0.0,0.0
2014-08-08,12.00853518199149,12.222973310241338,11.81125249664957,12.094310760498047,242000,0.0,0.0
2014-08-11,12.12862080486812,13.08072579797228,12.12862080486812,12.63469409942627,588800,0.0,0.0
2014-08-12,12.660427002547712,13.380939228093494,12.643271560026848,12.943485260009766,498000,0.0,0.0
2014-08-13,13.037838152985003,13.140768357322399,12.883443255487185,13.115036010742188,217400,0.0,0.0
2014-08-14,13.149345939637167,13.286586210634008,12.703315058897429,12.977795600891113,303500,0.0,0.0
2014-08-15,13.020683527937045,13.295164072836767,12.75477988655303,13.115036010742188,682300,0.0,0.0
2014-08-18,13.338051290641964,13.83554684793541,13.046415315180983,13.449559211730957,573000,0.0,0.0
2014-08-19,13.466714518438287,13.466714518438287,12.900597981158679,13.072148323059082,533900,0.0,0.0
2014-08-20,12.934908049209554,13.175078527864006,11.665434701162322,12.59180736541748,534700,0.0,0.0
2014-08-21,12.669004583576971,12.85770954111858,12.325903099106155,12.806244850158691,258700,0.0,0.0
2014-08-22,12.840555087016915,12.926329845759252,12.411678839255648,12.780511856079102,190400,0.0,0.0
2014-08-25,12.883443355649021,12.883443355649021,12.385946137125678,12.59180736541748,233200,0.0,0.0
2014-08-26,12.617539344073531,12.86628753706955,12.54891920931715,12.840555191040039,217400,0.0,0.0
2014-08-27,12.814822469279443,13.12361390435719,12.729047706881838,12.849132537841797,420200,0.0,0.0
2014-08-28,12.789089333247178,13.054992961711012,12.64327134635032,12.686159133911133,138100,0.0,0.0
2014-08-29,12.660427468280076,12.84913243485222,12.454567058555982,12.651849746704102,183100,0.0,0.0
2014-09-02,12.694736955310866,12.8662872888928,12.437411045929707,12.643271446228027,230100,0.0,0.0
2014-09-03,12.660427155657718,12.669004877021884,12.308748759892204,12.437411308288574,277000,0.0,0.0
2014-09-04,12.437410888973172,12.471720955256576,11.742631024213615,12.265860557556152,361100,0.0,0.0
2014-09-05,12.197240524454779,12.34305851185248,12.094310324765198,12.222972869873047,205800,0.0,0.0
2014-09-08,12.19724093571929,12.437411409759672,11.99995743281657,12.394523620605469,260500,0.0,0.0
2014-09-09,12.411678466869985,12.445988532940826,12.137197120286759,12.145774841308594,192800,0.0,0.0
2014-09-10,12.10288745539361,13.24369821258445,12.10288745539361,12.960639953613281,860600,0.0,0.0
2014-09-11,12.84913236935817,13.192233868499372,12.80624539773,13.115036010742188,186900,0.0,0.0
2014-09-12,13.089302956344198,13.492446030361142,12.977795036504457,13.20938777923584,291700,0.0,0.0
2014-09-15,13.175078247496874,13.466714231522369,12.523186962164251,12.797667503356934,363200,0.0,0.0
2014-09-16,12.703315292134256,12.831977844051945,5.146515164972439,7.1193461418151855,14848700,0.0,0.0
2014-09-17,7.170810835569312,7.616842542526917,6.433143956389299,6.536074161529541,3989500,0.0,0.0
2014-09-18,5.8584492210167,5.935647073097175,3.5854051261676503,4.606130599975586,23880000,0.0,0.0
2014-09-19,4.803413824628033,5.069317045367257,4.1600994621597716,4.62328577041626,6157400,0.0,0.0
2014-09-22,4.563243269246445,4.623285680139105,4.194409446868102,4.314495086669922,3146500,0.0,0.0
2014-09-23,4.288762672068382,4.546088595995797,4.185832466100727,4.245874881744385,2358300,0.0,0.0
2014-09-24,4.237297597684355,4.6661738677859095,4.202987528796894,4.597553730010986,2398300,0.0,0.0
2014-09-25,4.691905837966498,4.717638592068685,4.391692554818323,4.674750804901123,1547600,0.0,0.0
2014-09-26,4.726216653542591,5.832717388482911,4.674751141631072,5.240868091583252,4609200,0.0,0.0
2014-09-29,5.215134933781798,5.481038149463829,5.02642957101038,5.309487819671631,1336400,0.0,0.0
2014-09-30,5.3180652253940925,5.438150867373527,5.129359859296527,5.146514892578125,1029100,0.0,0.0
2014-10-01,4.992119609022641,5.137937187878823,4.674750878784875,4.794836521148682,1358300,0.0,0.0
2014-10-02,4.786259111826035,4.854879249643023,4.160099740733594,4.4260029792785645,1501900,0.0,0.0
2014-10-03,4.434580733660677,4.803414181646769,4.383115629919009,4.486045837402344,948100,0.0,0.0
2014-10-06,4.44315766523249,4.580398339110239,4.211564513761088,4.32307243347168,654800,0.0,0.0
2014-10-07,4.3059174596815595,4.374537593061623,4.100057059541369,4.151522159576416,833000,0.0,0.0
2014-10-08,4.074324470326394,4.194409708613697,3.7312233804972528,3.937084197998047,1284200,0.0,0.0
2014-10-09,3.937084232259309,4.057169471591617,3.774111202947038,3.7998435497283936,573800,0.0,0.0
2014-10-10,3.739800952822991,3.9113512863894435,3.508207798004151,3.5082077980041504,909200,0.0,0.0
2014-10-13,3.5339402484906977,3.774111131624907,3.456742800597209,3.611138105392456,686500,0.0,0.0
2014-10-14,3.602560418277148,3.8084212356403335,3.542518003677769,3.6454482078552246,576600,0.0,0.0
2014-10-15,3.6197154862257928,3.9285065106600054,3.551095349464474,3.7998435497283936,801800,0.0,0.0
2014-10-16,3.7054907607236287,4.168677054688052,3.7054907607236287,4.134366989135742,709400,0.0,0.0
2014-10-17,4.27160767595483,4.27160767595483,3.9456616117996877,4.014281749725342,596000,0.0,0.0
2014-10-20,4.040014348412606,4.769103898954509,3.9542391793503118,4.640440940856934,1212700,0.0,0.0
2014-10-21,4.674751145613301,5.052162309566828,4.623286042666221,4.657596111297607,1161400,0.0,0.0
2014-10-22,4.657595791613984,4.811991498866236,4.40027029454065,4.44315767288208,799800,0.0,0.0
2014-10-23,4.460312784796105,4.777681516970801,4.460312784796105,4.683328628540039,433000,0.0,0.0
2014-10-24,4.700483667189163,4.923499102171929,4.614708499888099,4.8034138679504395,591800,0.0,0.0
2014-10-27,4.829146862030029,5.026429961106106,4.769104037438777,4.829146862030029,406600,0.0,0.0
2014-10-28,4.8891891780301915,5.249445300223457,4.803414008224241,5.1122050285339355,889000,0.0,0.0
2014-10-29,5.129360198974609,5.24086812719343,4.940654820380538,5.129360198974609,446900,0.0,0.0
2014-10-30,5.077895062507687,5.223713058608012,4.983542169323663,5.06931734085083,372000,0.0,0.0
2014-10-31,5.146514921429095,5.2065577427554075,4.992119621029195,5.035006999969482,388100,0.0,0.0
2014-11-03,5.052161925297882,5.155092532371388,4.932076694221749,4.9578094482421875,324500,0.0,0.0
2014-11-04,4.932077067132474,5.009274926022415,4.769104036702755,4.94923210144043,203300,0.0,0.0
2014-11-05,5.000696796619633,5.060739616305872,4.87203384529669,5.017851829528809,369400,0.0,0.0
2014-11-06,5.05216196069937,5.095049748031208,4.932076728781777,4.966386795043945,262600,0.0,0.0
2014-11-07,4.966387067778945,5.120782374437509,4.923499278091874,5.000697135925293,294200,0.0,0.0
2014-11-10,4.983542135607965,5.0350072381760835,4.854879174683531,4.940654754638672,297400,0.0,0.0
2014-11-11,4.8891892433400415,5.017852204271786,4.468890701172393,4.477468013763428,604200,0.0,0.0
2014-11-12,4.528933560961655,4.528933560961655,4.177254743781254,4.297340393066406,690000,0.0,0.0
2014-11-13,4.2887625029578516,4.460312839472859,4.228719680673466,4.3402276039123535,346900,0.0,0.0
2014-11-14,4.563243593723443,4.666173798865526,4.36596049603031,4.477468013763428,293900,0.0,0.0
2014-11-17,4.460312875801288,4.588975833739613,4.331650326871231,4.400270462036133,425500,0.0,0.0
2014-11-18,4.4260029792785645,4.546088629466578,4.383115597647089,4.4260029792785645,316200,0.0,0.0
2014-11-19,4.365960194064946,4.5546655571072305,4.314495095053413,4.434580326080322,341700,0.0,0.0
2014-11-20,4.374537489153077,4.734793589849493,4.357382456215546,4.666173458099365,389800,0.0,0.0
2014-11-21,4.717638758700465,4.769103859714387,4.486045599633681,4.511778354644775,555000,0.0,0.0
2014-11-24,4.503200416192362,4.803413695470204,4.503200416192362,4.777681350708008,410700,0.0,0.0
2014-11-25,4.777681376697445,4.8463015084475725,4.5546655395012845,4.666173458099365,424900,0.0,0.0
2014-11-26,4.649018425161834,4.683328491036897,4.546088227536643,4.666173458099365,180400,0.0,0.0
2014-11-28,4.640440730667825,4.683328517760501,4.468890400313621,4.554665565490723,185400,0.0,0.0
2014-12-01,4.477467940382599,4.54608848502765,4.160099608558356,4.16867733001709,482800,0.0,0.0
2014-12-02,4.1858324669988045,4.211564813992099,4.005704402012624,4.125789642333984,386000,0.0,0.0
2014-12-03,4.100056949002521,4.331650097420539,3.9971263426992105,4.0228590965271,382800,0.0,0.0
2014-12-04,4.040014201881892,4.280184666545368,4.040014201881892,4.091479301452637,290700,0.0,0.0
2014-12-05,4.082902329663308,4.194409850189722,3.9971267475545904,4.074324607849121,292000,0.0,0.0
2014-12-08,4.031436502249562,4.082902011102608,3.851308448288667,3.8598861694335938,415300,0.0,0.0
2014-12-09,3.7398010386019447,3.98854923248291,3.7398010386019447,3.98854923248291,411400,0.0,0.0
2014-12-10,3.9542391611843426,3.9971265410143286,3.825576203677851,3.842731237411499,331700,0.0,0.0
2014-12-11,3.859886234867718,3.877041268440133,3.765533345715305,3.7826883792877197,347300,0.0,0.0
2014-12-12,3.714068313429431,3.9370841629881346,3.6883359671008242,3.8770413398742676,347400,0.0,0.0
2014-12-15,3.885619017865374,3.9628164649960786,3.533940213572046,3.5510952472686768,797700,0.0,0.0
2014-12-16,3.5510951474120747,3.7054908553484176,3.259459378266002,3.5939829349517822,1262000,0.0,0.0
2014-12-17,3.6282930490761913,4.2458746619152565,3.6111380156364468,3.8941962718963623,1006400,0.0,0.0
2014-12-18,4.014281779370313,4.25445267289202,3.954239362746102,4.1944098472595215,766300,0.0,0.0
2014-12-19,4.185832119921404,5.129359747942575,4.125789300235165,5.017851829528809,4538900,0.0,0.0
2014-12-22,4.889188922868758,5.875604346677929,4.889188922868758,5.197979927062988,2173000,0.0,0.0
2014-12-23,5.189402921592303,5.403841052087715,5.12078237626682,5.292333126068115,786400,0.0,0.0
2014-12-24,5.360953368116929,5.506771365171035,5.129360198974609,5.129360198974609,349500,0.0,0.0
2014-12-26,5.232290120954433,5.3266430096248065,4.940654551713318,4.974964618682861,454500,0.0,0.0
2014-12-29,5.060739958754204,5.060739958754204,4.786259004625664,4.880611896514893,581800,0.0,0.0
2014-12-30,4.743371346170871,4.932076709889988,4.4431576540144455,4.674750804901123,589800,0.0,0.0
2014-12-31,4.63186369698832,4.786259003584896,4.451735634788177,4.709061145782471,619200,0.0,0.0
2015-01-02,4.751948631571278,4.872033862355985,4.494622728024371,4.786258697509766,347000,0.0,0.0
2015-01-05,4.786259111826035,4.803414146280282,4.383115597647089,4.4260029792785645,442600,0.0,0.0
2015-01-06,4.477468115607922,4.571821010305122,4.254452666060697,4.486045837402344,537300,0.0,0.0
2015-01-07,4.537510803197751,4.726216586855249,4.245874815186132,4.46889066696167,517100,0.0,0.0
2015-01-08,4.494622946239213,4.666173693268723,4.288762540613723,4.520355701446533,337200,0.0,0.0
2015-01-09,4.537510494097064,4.5803982808271835,4.460312641586146,4.494622707366943,186200,0.0,0.0
2015-01-12,4.494622803257895,4.503200524390221,4.2887624041811625,4.383115291595459,265500,0.0,0.0
2015-01-13,4.400270492295357,4.477467940382599,4.048591683644454,4.16867733001709,479100,0.0,0.0
2015-01-14,4.125789311693348,4.28018460830472,3.997126360013081,4.2630295753479,266500,0.0,0.0
2015-01-15,4.263029782698061,4.503200664783486,4.177254613741935,4.400270462036133,388700,0.0,0.0
2015-01-16,4.383115362387135,4.503200597121392,4.340227574049341,4.451735496520996,447700,0.0,0.0
2015-01-20,4.417425668370731,4.443158015558533,4.142944707981709,4.305917739868164,418200,0.0,0.0
2015-01-21,4.3059173269953,4.426002556710001,4.117211966015056,4.254452228546143,540600,0.0,0.0
2015-01-22,4.271607315902163,4.760526370924017,4.245874561844907,4.554665565490723,550500,0.0,0.0
2015-01-23,4.563243222492845,4.71763851764555,4.443157583921387,4.606130599975586,238700,0.0,0.0
2015-01-26,4.614708404217837,4.914921688051791,4.5632433049041525,4.846301555633545,718300,0.0,0.0
2015-01-27,4.8034137828703525,5.103627067610701,4.666173517619507,5.086472034454346,382900,0.0,0.0
2015-01-28,5.283755219413245,5.283755219413245,4.889189040404255,4.92349910736084,467200,0.0,0.0
2015-01-29,4.96638672162837,4.96638672162837,4.63186337601318,4.897766590118408,316600,0.0,0.0
2015-01-30,4.8720338533497465,4.9149216401977,4.623285671251412,4.666173458099365,284200,0.0,0.0
2015-02-02,4.71763851764555,4.71763851764555,4.4002702064386465,4.606130599975586,233200,0.0,0.0
2015-02-03,4.614708728643349,4.83772417468119,4.588975972673303,4.829146862030029,399800,0.0,0.0
2015-02-04,4.811991545784906,4.923499057766463,4.614708458267643,4.62328577041626,193800,0.0,0.0
2015-02-05,4.614708560370123,4.769103863535598,4.588975805338411,4.631863594055176,303400,0.0,0.0
2015-02-06,4.614708350305542,4.6747507609659245,4.511778152880677,4.546088218688965,235600,0.0,0.0
2015-02-09,4.5117782811484535,4.597553448107724,4.34880525942171,4.391692638397217,264500,0.0,0.0
2015-02-10,4.417425598350388,4.55466587186537,4.374537808372818,4.528933525085449,209000,0.0,0.0
2015-02-11,4.606130664596984,4.631863418654239,4.38311523513652,4.554665565490723,312000,0.0,0.0
2015-02-12,4.580398293411706,4.7862586886620875,4.563243260474175,4.666173458099365,147200,0.0,0.0
2015-02-13,4.683328664652487,4.803413899666887,4.657595909788127,4.743371486663818,196600,0.0,0.0
2015-02-17,4.709061179814726,5.009274891656784,4.674751111434196,4.88918924331665,331900,0.0,0.0
2015-02-18,4.9320770013944975,5.566813671336948,4.760526660601477,5.292333126068115,1294300,0.0,0.0
2015-02-19,5.369530852838278,5.935647372642446,5.318065342848568,5.515348434448242,1668000,0.0,0.0
2015-02-20,5.575391111040468,5.824139297120075,5.197979971365969,5.378108024597168,600100,0.0,0.0
2015-02-23,5.378108165164387,5.532503468108724,5.189402794899086,5.515348434448242,270300,0.0,0.0
2015-02-24,5.549658280811632,5.849871971429566,5.463883115924329,5.781251430511475,909000,0.0,0.0
2015-02-25,6.021422659056816,6.819132353428929,5.875604665578324,6.055732727050781,3432000,0.0,0.0
2015-02-26,6.09004276049403,6.278748542398528,5.91849242149746,6.047155380249023,663700,0.0,0.0
2015-02-27,6.047155514240297,6.93921811480509,6.004267724036723,6.47603178024292,2277100,0.0,0.0
2015-03-02,6.596116709243045,6.784822077424488,6.270170664285018,6.501763820648193,814500,0.0,0.0
2015-03-03,6.570384159266316,6.690469806313742,6.287325893669891,6.3473687171936035,616500,0.0,0.0
2015-03-04,6.3473687140077635,6.390256094496084,5.961379835563239,6.055732727050781,643600,0.0,0.0
2015-03-05,6.047155147270963,6.304480645851868,5.892759439114164,6.141507625579834,550500,0.0,0.0
2015-03-06,6.064310269986305,6.295903426630317,5.8327171133422935,5.858449459075928,528400,0.0,0.0
2015-03-09,5.849872209606083,6.064310335059276,5.618279050476965,5.686899185180664,432900,0.0,0.0
2015-03-10,5.618278891174647,5.626856203265273,5.2322900308983815,5.258022785186768,546000,0.0,0.0
2015-03-11,5.275177959498758,5.5668135315222464,5.275177959498758,5.395263195037842,279400,0.0,0.0
2015-03-12,5.412418070906114,5.626856189764556,5.412418070906114,5.609701156616211,307600,0.0,0.0
2015-03-13,5.601124085139134,5.82413952564712,5.549658574475175,5.755519390106201,306700,0.0,0.0
2015-03-16,5.875604659144344,5.95280251655037,5.43815108819617,5.523926258087158,459700,0.0,0.0
2015-03-17,5.506771016040993,5.532503361531882,5.197980007092531,5.438150882720947,480000,0.0,0.0
2015-03-18,5.403840725327678,5.669743941982332,5.343797905176659,5.601123809814453,288400,0.0,0.0
2015-03-19,5.558236360519962,5.6182791843202216,5.369530985589295,5.532503604888916,268600,0.0,0.0
2015-03-20,5.566813419287655,5.601123894901055,5.189402686631082,5.266600131988525,1562300,0.0,0.0
2015-03-23,5.2751779868152155,5.420995978086181,5.146515029281524,5.163670063018799,308800,0.0,0.0
2015-03-24,5.155092919407471,5.395263399591349,5.103627407502645,5.360953330993652,683700,0.0,0.0
2015-03-25,5.369530808171926,5.472461009278594,5.197980063985884,5.215135097503662,263900,0.0,0.0
2015-03-26,5.215135032080811,5.335220265198812,5.15509262002594,5.266600131988525,213000,0.0,0.0
2015-03-27,5.249445335497671,5.309488159269437,5.129360096962414,5.172247886657715,249500,0.0,0.0
2015-03-30,5.232290096303699,5.283755196515548,5.103627141269949,5.206557750701904,266600,0.0,0.0
2015-03-31,5.129360030441513,5.258022988850554,5.129360030441513,5.223712921142578,253000,0.0,0.0
2015-04-01,5.1894027834623895,5.2322901630149445,5.017852038227379,5.155092716217041,420800,0.0,0.0
2015-04-02,5.1465151650672025,5.6783216339621605,5.120782409278225,5.592546463012695,578900,0.0,0.0
2015-04-06,5.38668567202988,5.875604316391633,5.38668567202988,5.781251430511475,566700,0.0,0.0
2015-04-07,5.798406937716533,5.987112302591122,5.67832129651536,5.729786396026611,486900,0.0,0.0
2015-04-08,5.764096565376885,5.849872141770109,5.5839689183725945,5.738364219665527,291300,0.0,0.0
2015-04-09,5.746941803994804,5.9528026244736685,5.652589319908259,5.892759799957275,233400,0.0,0.0
2015-04-10,6.004267296426357,6.4159884988273514,5.849871998904078,6.192972660064697,866900,0.0,0.0
2015-04-13,6.355945915440257,6.355945915440257,5.798407115776439,5.927069664001465,524600,0.0,0.0
2015-04-14,5.901337116657637,5.995689594269736,5.806984230037285,5.961379528045654,247000,0.0,0.0
2015-04-15,5.90133718987774,6.244438265383796,5.84987208990307,6.081465244293213,314300,0.0,0.0
2015-04-16,6.047155347714021,6.321635888631769,6.012845280099303,6.1071977615356445,234300,0.0,0.0
2015-04-17,6.0300003082356195,6.107197755792,5.764096670959224,5.867027282714844,374900,0.0,0.0
2015-04-20,5.927069731191681,5.927069731191681,5.729786636933073,5.875604629516602,256500,0.0,0.0
2015-04-21,5.875604555615838,5.884182276957933,5.67832146383857,5.686899185180664,196800,0.0,0.0
2015-04-22,5.678321535257993,5.901337384858277,5.6440114674746065,5.875604629516602,205800,0.0,0.0
2015-04-23,5.884182083545596,5.995689594269736,5.764096442753057,5.961379528045654,187700,0.0,0.0
2015-04-24,5.952802523068884,6.278748578019832,5.884182387080952,6.055732727050781,383100,0.0,0.0
2015-04-27,6.141507716195468,6.37310087283948,5.806984358600398,5.858449459075928,352800,0.0,0.0
2015-04-28,5.901337452128816,5.901337452128816,5.618279185185103,5.704054355621338,242100,0.0,0.0
2015-04-29,5.712631534809569,6.004267516493319,5.66116643374919,5.8069844245910645,172500,0.0,0.0
2015-04-30,5.764096875736693,5.841294735043902,5.472461290925106,5.541081428527832,311100,0.0,0.0
2015-05-01,5.558236290748456,5.609701392356243,5.232290238224205,5.463883399963379,389600,0.0,0.0
2015-05-04,5.472460918661129,5.64401125099824,5.429573131072725,5.498193264007568,300800,0.0,0.0
2015-05-05,5.523926394127151,5.746941841336011,5.498193638021987,5.541081428527832,418000,0.0,0.0
2015-05-06,5.583969150339084,5.729786736446872,5.360953296865505,5.472461223602295,399400,0.0,0.0
2015-05-07,5.420995889064959,5.575391190165017,5.352375346234451,5.5668134689331055,198200,0.0,0.0
2015-05-08,5.609701497202589,5.6783216339621605,5.532503638843932,5.592546463012695,222000,0.0,0.0
2015-05-11,5.609701277420818,5.661166377974153,4.889189051657618,5.215135097503662,858900,0.0,0.0
2015-05-12,5.120782318336163,5.772674423991431,5.0778949381272245,5.755519390106201,514400,0.0,0.0
2015-05-13,5.738364317897427,5.738364317897427,5.455306056177401,5.5753912925720215,369400,0.0,0.0
2015-05-14,5.669744043402933,5.961379610333204,5.48961598873599,5.558236122131348,527200,0.0,0.0
2015-05-15,5.481038285165096,5.4896160063712,5.017851974250201,5.206557750701904,1071400,0.0,0.0
2015-05-18,5.146515098110811,5.232290267944336,5.069317240756501,5.232290267944336,325100,0.0,0.0
2015-05-19,5.24086769392091,5.2666000389158905,4.872033870921359,4.906343936920166,576900,0.0,0.0
2015-05-20,4.932076924677002,5.009274781337202,4.528933425580085,4.640440940856934,622700,0.0,0.0
2015-05-21,4.640441042812233,4.734793935357922,4.468890700918506,4.528933525085449,320800,0.0,0.0
2015-05-22,4.503200485617021,4.640440750486518,4.254452301036932,4.32307243347168,459700,0.0,0.0
2015-05-26,4.331650220282772,4.39169263257047,4.117212098664976,4.271607398986816,507400,0.0,0.0
2015-05-27,4.245874710451597,4.340227599952909,4.160099542272343,4.220142364501953,240200,0.0,0.0
2015-05-28,4.202987534926513,4.2458749165942455,4.108634640844248,4.185832500457764,317200,0.0,0.0
2015-05-29,4.168677432667182,4.245874882655345,4.031436749005917,4.125789642333984,276700,0.0,0.0
2015-06-01,4.142944709781747,4.323072776207761,3.9628166433557337,4.185832500457764,311200,0.0,0.0
2015-06-02,4.194409609544045,4.348805321274966,4.142944508636492,4.220142364501953,359400,0.0,0.0
2015-06-03,4.254452470306584,4.434580529618584,4.211564681324385,4.400270462036133,305700,0.0,0.0
2015-06-04,4.374537667224611,4.477467869039716,4.220142364501953,4.220142364501953,234600,0.0,0.0
2015-06-05,4.1944094091846695,4.348805113540387,4.185832097280599,4.254452228546143,149900,0.0,0.0
2015-06-08,4.177254710952243,4.417425598626765,4.022859403238229,4.065746784210205,323400,0.0,0.0
2015-06-09,4.022859134491336,4.160099398846576,3.877041149109769,4.082901954650879,262100,0.0,0.0
2015-06-10,4.168677119872903,4.211564497979791,3.9370839692693114,4.082901954650879,316300,0.0,0.0
2015-06-11,4.057169162292121,4.057169162292121,3.9370839321145463,4.0228590965271,237200,0.0,0.0
2015-06-12,4.005704265695594,4.074324400686893,3.937084130704296,3.9628164768218994,156200,0.0,0.0
2015-06-15,3.9628165114888723,4.074324436329345,3.9113514097951785,3.997126579284668,265800,0.0,0.0
2015-06-16,3.9628163219685275,4.245874572250815,3.9113512227361342,4.202987194061279,239300,0.0,0.0
2015-06-17,4.23729764124408,4.23729764124408,3.9885494347486916,4.074324607849121,200100,0.0,0.0
2015-06-18,4.031436715829313,4.134367329980266,3.979971613257975,4.065746784210205,254100,0.0,0.0
2015-06-19,4.1257896783586725,4.211564850765741,3.9885494025073642,4.014281749725342,1515200,0.0,0.0
2015-06-22,4.0142816465807885,4.1343672938734395,3.8770413742557857,3.911351442337036,268100,0.0,0.0
2015-06-23,3.9199290530436874,3.9713941537106265,3.551095218084897,3.68833589553833,785100,0.0,0.0
2015-06-24,3.645448241855478,3.696913344424209,3.4481651441712033,3.5596730709075928,425200,0.0,0.0
2015-06-25,3.5596729339966853,3.6368703803765015,3.491052799877621,3.542517900466919,266000,0.0,0.0
2015-06-26,3.5682502849669353,3.722645997418025,3.482475116387589,3.696913242340088,448900,0.0,0.0
2015-06-29,3.5596729331239394,3.6711808555442107,3.473897765496139,3.516785144805908,503500,0.0,0.0
2015-06-30,3.559672902809009,3.6454480697063296,3.4910527692911524,3.60256028175354,665100,0.0,0.0
2015-07-01,3.7569559934136243,3.816998405773365,3.568250217118917,3.6540257930755615,322300,0.0,0.0
2015-07-02,3.671180928428076,3.73980106389263,3.585405350089113,3.611138105392456,125700,0.0,0.0
2015-07-06,3.5253629695386155,3.671180963289616,3.5253629695386155,3.619715452194214,246400,0.0,0.0
2015-07-07,3.628293107476611,3.714068276055957,3.4996301501034583,3.696913242340088,220200,0.0,0.0
2015-07-08,3.671180963403726,3.7312233780031048,3.508207935618617,3.6454482078552246,176000,0.0,0.0
2015-07-09,3.696913309829043,3.7741111674638725,3.6025604181651714,3.619715452194214,152700,0.0,0.0
2015-07-10,3.6454482418120606,3.774111202736495,3.6454482418120606,3.705491065979004,130700,0.0,0.0
2015-07-13,3.7054909706045294,4.005704265695594,3.7054909706045294,3.9628164768218994,219500,0.0,0.0
2015-07-14,3.945661477590974,4.031436647080464,3.799843484954706,3.997126579284668,178600,0.0,0.0
2015-07-15,3.9713942310949566,4.082902155883569,3.8427312724164246,3.9027740955352783,128200,0.0,0.0
2015-07-16,3.902773955885132,4.0829020097880315,3.8084210683626005,3.834153413772583,152600,0.0,0.0
2015-07-17,3.851308584857249,3.9971265774257008,3.7483783815177314,3.9027740955352783,158600,0.0,0.0
2015-07-20,3.9199290902686283,4.065746672372223,3.714068276637687,3.7226459980010986,254100,0.0,0.0
2015-07-21,3.7569561023386115,3.971394230430885,3.7569561023386115,3.851308584213257,111500,0.0,0.0
2015-07-22,3.5339402217058633,3.9628164741170098,3.499630154233633,3.8684639930725098,471600,0.0,0.0
2015-07-23,3.8598861694335933,3.9456613358415775,3.7826883151622797,3.8598861694335938,315900,0.0,0.0
2015-07-24,3.825576270997696,3.894196407139817,3.731223379298143,3.7912662029266357,302100,0.0,0.0
2015-07-27,3.696913246703091,3.9113513729086646,3.688335934339167,3.8684639930725098,198200,0.0,0.0
2015-07-28,3.9542391248489523,3.962816437132826,3.765533346504572,3.8084211349487305,227700,0.0,0.0
2015-07-29,3.7741111362256627,3.945661475096173,3.6883359667904076,3.851308584213257,365100,0.0,0.0
2015-07-30,3.8169983817254733,3.885618923860117,3.6797581154726986,3.8598861694335938,123300,0.0,0.0
2015-07-31,3.842731339535008,3.9885493346503713,3.842731339535008,3.9713943004608154,375600,0.0,0.0
2015-08-03,3.9542392663989983,4.014281681560244,3.8941964422294744,3.9456615447998047,147500,0.0,0.0
2015-08-04,3.971394088989426,3.979971401123335,3.7912660350865273,3.834153413772583,125800,0.0,0.0
2015-08-05,3.877041339547969,3.962816508983224,3.8169985164391553,3.851308584213257,141800,0.0,0.0
2015-08-06,3.8255762385265046,3.9027740955352783,3.7483783815177314,3.9027740955352783,136800,0.0,0.0
2015-08-07,3.834153617980142,3.962816578907428,3.7569561686303925,3.8255763053894043,168100,0.0,0.0
2015-08-10,3.825576305518027,3.8598863738986866,3.679758310396086,3.7998435497283936,195300,0.0,0.0
2015-08-11,3.7483782768249516,3.8513084772896127,3.6540257975698083,3.748378276824951,175700,0.0,0.0
2015-08-12,3.636870420400051,3.7483783440747995,3.55109525180727,3.7226459980010986,268200,0.0,0.0
2015-08-13,3.731223412937974,3.7569561687274065,3.491052934275231,3.533940315246582,237800,0.0,0.0
2015-08-14,3.5082078334073867,3.576827967526451,3.310924538806815,3.542517900466919,331700,0.0,0.0
2015-08-17,3.516785245507717,3.516785245507717,3.285192081776943,3.379544973373413,306100,0.0,0.0
2015-08-18,3.370967490320571,3.4567428657726578,3.2851921148684844,3.3538124561309814,146000,0.0,0.0
2015-08-19,3.353812421555912,3.379544972575015,3.242304495968997,3.293769598007202,188300,0.0,0.0
2015-08-20,3.225149426576048,3.362389901676524,3.1479517743656054,3.1994168758392334,330100,0.0,0.0
2015-08-21,2.8305831280306237,2.907780981702304,2.3245092411461834,2.8048505783081055,1340300,0.0,0.0
2015-08-24,2.676187645978643,2.7962730834539493,2.470327246599481,2.5732574462890625,534200,0.0,0.0
2015-08-25,2.6418777192130634,2.659032753402436,2.39312951896302,2.470327377319336,511500,0.0,0.0
2015-08-26,2.5217923147349994,2.6504550627291574,2.3673968126378844,2.598989963531494,603600,0.0,0.0
2015-08-27,2.55610251606174,2.744808094271468,2.5389474820885045,2.701920509338379,253900,0.0,0.0
2015-08-28,2.7362304869394496,3.0450212927661107,2.701920420125835,2.984978675842285,369800,0.0,0.0
2015-08-31,3.027866364378386,3.1651068408970486,2.9335136773683996,3.1136417388916016,281700,0.0,0.0
2015-09-01,2.9849788480413637,3.062176502825417,2.830583333969116,2.830583333969116,198800,0.0,0.0
2015-09-02,2.86489317154049,2.9764010906219482,2.7791180064810033,2.9764010906219482,289600,0.0,0.0
2015-09-03,3.002133776522324,3.113641700669423,2.9163586075661967,2.933513641357422,163800,0.0,0.0
2015-09-04,2.899203502059052,2.9849786688934086,2.8391606807708736,2.839160680770874,188000,0.0,0.0
2015-09-08,2.8820483008056885,3.0278662907809024,2.8734707840132723,2.8992035388946533,193400,0.0,0.0
2015-09-09,2.9335136733296907,3.002133809242481,2.7448080950653813,2.761963129043579,204100,0.0,0.0
2015-09-10,2.7448080633127483,2.9249361225041923,2.7190755126431325,2.847738265991211,233700,0.0,0.0
2015-09-11,2.813428265736206,2.9335137095713013,2.7362306118805915,2.856315851211548,304000,0.0,0.0
2015-09-14,2.8648933060484296,3.1479517730426996,2.8648933060484296,3.139374256134033,424900,0.0,0.0
2015-09-15,3.1565292237043057,3.2251493575334873,3.0450213017277554,3.1908392906188965,262800,0.0,0.0
2015-09-16,3.2079942675437225,3.5854052014574753,3.1908392343887395,3.388122320175171,500900,0.0,0.0
2015-09-17,3.370967319593113,3.4567426907009837,3.302346981805991,3.3623898029327393,208900,0.0,0.0
2015-09-18,3.319502183247663,3.559673070910195,3.2680370806788948,3.3538124561309814,1504000,0.0,0.0
2015-09-21,3.3966999405003544,3.5339402099320405,3.2594594665645356,3.4310100078582764,487600,0.0,0.0
2015-09-22,3.431010039701931,3.431010039701931,3.207994395301471,3.319502115249634,142000,0.0,0.0
2015-09-23,3.3452347242393343,3.3452347242393343,3.130796606134355,3.1822617053985596,183300,0.0,0.0
2015-09-24,3.1651067152400043,3.3795448362534874,3.053598794151011,3.3623898029327393,147400,0.0,0.0
2015-09-25,3.3966998966105715,3.4481649969824577,3.1050639188282894,3.1908392906188965,375000,0.0,0.0
2015-09-28,3.1736843570038817,3.2337269759933216,3.019288846526899,3.0278663635253906,462000,0.0,0.0
2015-09-29,3.0021337119912928,3.1479517005864768,2.9678236451463387,3.0450212955474854,308400,0.0,0.0
2015-09-30,3.0707539145751817,3.1050639821899,3.0021337793457445,3.0535988807678223,280700,0.0,0.0
2015-10-01,3.087908982514831,3.156529323006899,2.9849787785329336,3.0278663635253906,131700,0.0,0.0
2015-10-02,3.0021337823528578,3.2165719096637764,2.9163586132301442,3.1994168758392334,182500,0.0,0.0
2015-10-05,3.216571846762683,3.6454480929977073,3.216571846762683,3.3366572856903076,289200,0.0,0.0
2015-10-06,3.328079838306154,3.4567427966597735,3.3109245999554218,3.4052774906158447,216300,0.0,0.0
2015-10-07,3.413854936391125,3.439587691128861,3.2079943300181477,3.3366572856903076,233400,0.0,0.0
2015-10-08,3.319501983051112,3.448164936217611,3.319501983051112,3.388122320175171,191100,0.0,0.0
2015-10-09,3.413854974179315,3.4481650415372367,3.3023470507619375,3.4310100078582764,185100,0.0,0.0
2015-10-12,3.4653200752161974,3.4653200752161974,3.2594594665645356,3.4310100078582764,123700,0.0,0.0
2015-10-13,3.3966999029020544,3.4653200368583366,3.328079768945772,3.3366572856903076,91500,0.0,0.0
2015-10-14,3.3366574218580856,3.4567428656863535,3.3366574218580856,3.4395878314971924,126400,0.0,0.0
2015-10-15,3.4653201103210454,3.5339402457320332,3.276614533436694,3.465320110321045,271200,0.0,0.0
2015-10-16,3.4996300356825603,3.5596728562291275,3.3366572207102214,3.388122320175171,201400,0.0,0.0
2015-10-19,3.3709673899819133,3.439587729201889,3.3023470507619375,3.4310100078582764,157000,0.0,0.0
2015-10-20,3.431009972398835,3.448165005900499,3.388122388644676,3.396699905395508,129900,0.0,0.0
2015-10-21,3.396699938657557,3.4567427610054775,3.302347048970329,3.370967388153076,132800,0.0,0.0
2015-10-22,3.396700041646383,3.465320178405578,3.3023471490983507,3.4138550758361816,189600,0.0,0.0
2015-10-23,3.4567426679441255,3.6797580996456714,3.370967297400942,3.5682501792907715,351500,0.0,0.0
2015-10-26,3.5253628611621166,3.559672928165444,3.370967355143012,3.396699905395508,180100,0.0,0.0
2015-10-27,3.3795448362534874,3.6025602694232166,3.2594593985041205,3.3623898029327393,286000,0.0,0.0
2015-10-28,3.3623899731418274,3.4738978998755146,3.2766145976918826,3.4395878314971924,266600,0.0,0.0
2015-10-29,3.3966999752776026,3.5339402461144287,3.388122458350301,3.4910528659820557,211900,0.0,0.0
2015-10-30,3.499630173689378,3.5425179627722283,3.2165719109657176,3.2594594955444336,236100,0.0,0.0
2015-11-02,3.2851920479657113,3.4052774893514433,3.2508819802852553,3.3452348709106445,222600,0.0,0.0
2015-11-03,3.353812456047247,3.508207968253837,3.233727012218979,3.4395878314971924,638300,0.0,0.0
2015-11-04,3.499630246834454,3.5082079684336134,3.24230452947971,3.2680370807647705,372700,0.0,0.0
2015-11-05,3.2680370806788948,3.40527755869975,3.250882046489305,3.3538124561309814,199400,0.0,0.0
2015-11-06,3.3109244664736206,3.4052773533301535,3.2766144001636546,3.388122320175171,197500,0.0,0.0
2015-11-09,3.379544794477383,3.379544794477383,3.2337268085494166,3.2423043251037598,195300,0.0,0.0
2015-11-10,3.2423044929918134,3.3109246289797447,2.959246227537459,3.0278663635253906,360400,0.0,0.0
2015-11-11,3.0107112934179363,3.045021361000387,2.8992035737749715,2.933513641357422,244500,0.0,0.0
2015-11-12,2.899203604534725,2.9163586385079605,2.693342992351761,2.701920509338379,280100,0.0,0.0
2015-11-13,2.6590327887843404,2.7104980965414103,2.5561025822784833,2.5646800994873047,424100,0.0,0.0
2015-11-16,2.5732575106262074,2.6075675780472287,2.4360170364379883,2.4360170364379883,342200,0.0,0.0
2015-11-17,2.4188619699846887,2.6161450594891837,2.3673968695498107,2.46174955368042,448900,0.0,0.0
2015-11-18,2.461749689220901,2.5046374797821045,2.436017137586664,2.5046374797821045,179300,0.0,0.0
2015-11-19,2.504637273637408,2.547524856164598,2.461749486606093,2.4789047241210938,247600,0.0,0.0
2015-11-20,2.4960598945617676,2.5217924454948824,2.4531721051691067,2.4960598945617676,203200,0.0,0.0
2015-11-23,2.487482223157301,2.487482223157301,2.230156320793073,2.2473113536834717,271400,0.0,0.0
2015-11-24,2.2473113945897056,2.367396831512451,2.213001328184386,2.367396831512451,199100,0.0,0.0
2015-11-25,2.315931798789426,2.3931294504308913,2.315931798789426,2.375974416732788,272300,0.0,0.0
2015-11-27,2.375974378381411,2.453172028776804,2.264466661143621,2.2816216945648193,124700,0.0,0.0
2015-11-30,2.31593179449705,2.350241861829666,2.2130013879950687,2.230156421661377,734400,0.0,0.0
2015-12-01,2.2987767120899907,3.4138548992777786,2.238733891026862,2.6333000659942627,2290100,0.0,0.0
2015-12-02,2.8048507486012944,2.8391608169810802,2.6161451680083334,2.7962732315063477,657200,0.0,0.0
2015-12-03,2.830583264956369,2.9163586393514933,2.6933429931307886,2.761963129043579,380500,0.0,0.0
2015-12-04,2.7533856102099454,2.8048507121100608,2.5475249981053474,2.616145133972168,585600,0.0,0.0
2015-12-07,2.5989899551972266,2.5989899551972266,2.444594453595217,2.4789047241210938,287000,0.0,0.0
2015-12-08,2.444594586166975,2.444594586166975,2.2644667297843397,2.3502418994903564,242200,0.0,0.0
2015-12-09,2.3416643834048076,2.4874823764642855,2.3416643834048076,2.4102845191955566,283700,0.0,0.0
2015-12-10,2.401706965452852,2.4874823383822484,2.3073542801850615,2.315931797027588,319600,0.0,0.0
2015-12-11,2.2473115238941834,2.410284553200624,2.0929162161867394,2.1186487674713135,417100,0.0,0.0
2015-12-14,2.144381318712977,2.144381318712977,1.8613230500841884,2.0586061477661133,643000,0.0,0.0
2015-12-15,2.0757612157601324,2.144381353635131,2.015718390615366,2.092916250228882,798800,0.0,0.0
2015-12-16,2.127226251755917,2.2301564553066213,2.110071217830799,2.2044239044189453,310000,0.0,0.0
2015-12-17,2.1872689043232554,2.2558892455891786,2.0328733921051025,2.0328733921051025,557700,0.0,0.0
2015-12-18,2.0757610912503957,2.144381225009374,1.8184351806459669,1.9470981359481812,5453300,0.0,0.0
2015-12-21,2.0071408407340208,2.1272262845661714,1.9728307723545886,2.1186487674713135,551300,0.0,0.0
2015-12-22,2.110071250416352,2.1872689042715336,2.050028630751211,2.1786913871765137,345700,0.0,0.0
2015-12-23,2.084338699168588,2.2816217968617214,2.084338699168588,2.238734006881714,262800,0.0,0.0
2015-12-24,2.1872687701645956,2.264466623790722,2.1786912535954843,2.22157883644104,199900,0.0,0.0
2015-12-28,2.1872688374956066,2.31593179449705,2.1786913206624527,2.230156421661377,220000,0.0,0.0
2015-12-29,2.1872688716747435,2.4445945851945714,2.1872688716747435,2.2901992797851562,456600,0.0,0.0
2015-12-30,2.2644665910779938,2.3245092061943895,2.2215788043478737,2.2473113536834717,229900,0.0,0.0
2015-12-31,2.2301564553066213,2.290199278548668,2.1958463874563865,2.2044239044189453,253100,0.0,0.0
2016-01-04,2.2044237567771092,2.221578789553264,2.024295708123362,2.067183494567871,304100,0.0,0.0
2016-01-05,2.101493733329866,2.101493733329866,1.964253255304847,1.9728307723999023,243200,0.0,0.0
2016-01-06,1.9556756312718926,1.9728306645239517,1.8527454317595375,1.8699004650115967,441500,0.0,0.0
2016-01-07,1.8613230500841884,1.9127881526523065,1.8184352601066178,1.852745532989502,405100,0.0,0.0
2016-01-08,1.861322999000549,1.9385206507340522,1.852745482141271,1.8613229990005493,439300,0.0,0.0
2016-01-11,1.8870555452228783,1.904210578901839,1.672617419731736,1.7155050039291382,404900,0.0,0.0
2016-01-12,1.8441679301614715,2.6418775963950716,1.775547592089926,2.1958463191986084,2536700,0.0,0.0
2016-01-13,2.1958462455386147,2.2387338275795794,2.1100710814566854,2.1272261142730713,684800,0.0,0.0
2016-01-14,2.3073542735673933,3.4138549656004344,2.1872688336123054,3.165106773376465,3638100,0.0,0.0
2016-01-15,2.9506687139454413,3.928506470918901,2.9249361629202593,3.379544973373413,4166900,0.0,0.0
2016-01-19,3.345234939082318,3.4224325929365356,2.7533856460209,3.2079944610595703,1682800,0.0,0.0
2016-01-20,3.13079671397233,3.731223301744222,3.036443824233913,3.4310100078582764,1304100,0.0,0.0
2016-01-21,3.43958773274471,3.6282931034076475,3.3366573260607932,3.5510952472686768,1063300,0.0,0.0
2016-01-22,3.6111380659914967,3.645448133349418,3.345234839463472,3.4310100078582764,961600,0.0,0.0
2016-01-25,3.4738978317515534,3.83415354265924,3.431010042615551,3.465320110321045,965200,0.0,0.0
2016-01-26,3.4481650415372367,3.508207863917732,3.2766145002434963,3.4310100078582764,708400,0.0,0.0
2016-01-27,3.396700041646383,3.473897900004616,3.3623899732667852,3.4138550758361816,437900,0.0,0.0
2016-01-28,3.4395877583911005,3.4567427922156435,3.0107112992651293,3.1994168758392334,616400,0.0,0.0
2016-01-29,3.285192114908552,3.4138550758361816,3.2079944610544575,3.4138550758361816,676900,0.0,0.0
2016-02-01,3.3623898029327393,3.4224324195553586,3.2165718152022493,3.3623898029327393,611100,0.0,0.0
2016-02-02,3.310924559281197,3.345234831057031,3.0621763670572273,3.165106773376465,673700,0.0,0.0
2016-02-03,3.379544923439875,4.202987362095696,3.293769550119149,4.1086344718933105,4116500,0.0,0.0
2016-02-04,7.591110110317978,8.268734566711212,5.824139563587376,6.055732727050781,17273400,0.0,0.0
2016-02-05,5.71263160510755,6.3387909558932325,5.215135213060238,5.995689868927002,3797900,0.0,0.0
2016-02-08,5.909914575330338,6.433143711740912,5.78982934056682,6.27017068862915,1576600,0.0,0.0
2016-02-09,6.012845181021284,6.510341562245361,5.961379671438972,6.15008544921875,2191600,0.0,0.0
2016-02-10,6.107197722326418,6.433143771581885,5.8498722168681025,5.927069664001465,2219800,0.0,0.0
2016-02-11,5.652588924649167,5.995689586442052,5.652588924649167,5.841294288635254,1057100,0.0,0.0
2016-02-12,5.91849242149746,6.047155380249023,5.686899259347955,6.047155380249023,927800,0.0,0.0
2016-02-16,6.072887485828013,6.218705472698117,5.815561987535113,6.021422386169434,935700,0.0,0.0
2016-02-17,5.995690006995333,6.175818071575374,5.592546496607034,5.652589321136475,1190800,0.0,0.0
2016-02-18,5.652589179073585,5.678321525362144,5.086472243617761,5.3437981605529785,1069000,0.0,0.0
2016-02-19,5.386685774114783,5.523926040535355,5.215135032080811,5.266600131988525,547400,0.0,0.0
2016-02-22,5.30091043458176,5.30948815611904,4.700483833253465,4.709061145782471,1101100,0.0,0.0
2016-02-23,4.6232857253375395,4.932076730833792,4.44315767288208,4.44315767288208,754600,0.0,0.0
2016-02-24,4.4002702600726336,4.640440722126452,4.305917374047366,4.434580326080322,882300,0.0,0.0
2016-02-25,4.494622756378174,4.503200477421031,4.185832160983815,4.202987194061279,861300,0.0,0.0
2016-02-26,4.168677499851513,4.4260030189730335,4.117212396027209,4.1944098472595215,695000,0.0,0.0
2016-02-29,4.348805461639322,4.374537808419516,3.9542392662712595,3.9713943004608154,875600,0.0,0.0
2016-03-01,4.108634501873083,4.117212223321466,3.799843482871905,3.8770413398742676,516300,0.0,0.0
2016-03-02,3.885618818489724,4.486045376071474,3.8770410975774086,4.254452228546143,1622300,0.0,0.0
2016-03-03,4.263029636439376,4.751948696227562,4.237297291139514,4.734793663024902,2145500,0.0,0.0
2016-03-04,4.846301791985077,5.060739920754255,4.6575960096235685,4.700483798980713,1576500,0.0,0.0
2016-03-07,4.777681617486664,4.829146718893036,4.426002811030716,4.520355701446533,1010600,0.0,0.0
2016-03-08,4.314495322749383,4.597553586755235,4.134367262198699,4.16867733001709,1143100,0.0,0.0
2016-03-09,4.1600995012341215,4.245874668567228,3.979971445330469,4.040014266967773,645900,0.0,0.0
2016-03-10,4.074324364421868,4.194409599587777,3.8856189948754376,3.928506374359131,502900,0.0,0.0
2016-03-11,4.0657467126477105,4.117212223321466,3.7826884489834103,3.8770413398742676,713000,0.0,0.0
2016-03-14,3.8598861614586064,3.954239048816573,3.671180795750929,3.7140681743621826,491000,0.0,0.0
2016-03-15,3.671180963403726,3.714068343973529,3.3366573908187203,3.6454482078552246,1058200,0.0,0.0
2016-03-16,3.6025603839552516,3.6969132747231486,3.4395877667310706,3.611138105392456,648900,0.0,0.0
2016-03-17,3.6711809976002585,4.288762637425954,3.6197154860238627,4.117212295532227,1593500,0.0,0.0
2016-03-18,4.263029654682674,4.263029654682674,3.748378247392216,3.834153413772583,974100,0.0,0.0
2016-03-21,3.9113514762514767,4.048591749766459,3.654025963410886,3.705491065979004,648100,0.0,0.0
2016-03-22,3.71406816225892,4.168677155312881,3.696913129068671,4.091479301452637,1367100,0.0,0.0
2016-03-23,4.074324328554354,4.202987283889302,3.7483782841080235,3.919929027557373,1304800,0.0,0.0
2016-03-24,3.774111003025609,4.057169256676085,3.688335836617625,3.8598861694335938,718800,0.0,0.0
2016-03-28,3.9370840964216964,4.0657466439059045,3.774111072732335,3.9542391300201416,806800,0.0,0.0
2016-03-29,4.074324230410159,4.134367050522331,3.8770411460510217,4.031436443328857,969700,0.0,0.0
2016-03-30,4.040014164348418,4.263029593749737,3.894196179081892,4.031436443328857,1595400,0.0,0.0
2016-03-31,4.065746748801735,4.16009964053161,3.911351442432345,3.937084197998047,1059400,0.0,0.0
2016-04-01,3.945661510418287,4.100057225792189,3.81699855060946,3.911351442337036,777400,0.0,0.0
2016-04-04,3.9370840956608277,4.057169330826738,3.8513085186769143,3.928506374359131,471800,0.0,0.0
2016-04-05,3.8941963345767174,3.945661435724325,3.628293107476611,3.696913242340088,951400,0.0,0.0
2016-04-06,3.696913344380179,3.7483784469482972,3.5854054176451173,3.705491065979004,478200,0.0,0.0
2016-04-07,3.69691320132842,3.7312232683795403,3.473897765496139,3.516785144805908,628400,0.0,0.0
2016-04-08,3.491052934275231,3.628293207796798,3.473897900085035,3.533940315246582,528600,0.0,0.0
2016-04-11,3.5596729656120623,3.6025603453132526,3.439587729837158,3.456742763519287,484800,0.0,0.0
2016-04-12,3.5167850959107074,3.894196237234,3.388122346257854,3.8856189250946045,912900,0.0,0.0
2016-04-13,3.911351441175347,4.014281645388528,3.7569561348555753,3.7912662029266357,733400,0.0,0.0
2016-04-14,3.859886305660918,3.962816508983224,3.7741111362256627,3.851308584213257,471400,0.0,0.0
2016-04-15,3.825576235977829,3.8598863037348106,3.696913277385015,3.756956100463867,285000,0.0,0.0
2016-04-18,3.7569560681956067,3.919929093145637,3.654025865808724,3.8169984817504883,417100,0.0,0.0
2016-04-19,3.8856190609956296,3.902774094882681,3.696913279229798,3.851308584213257,401700,0.0,0.0
2016-04-20,3.9027740233028867,4.005704224737376,3.731223278570475,3.7826883792877197,582000,0.0,0.0
2016-04-21,3.8084211341504735,3.9199290568753016,3.6883358991435693,3.7826883792877197,493200,0.0,0.0
2016-04-22,3.782688344689586,3.902773987606397,3.7054908988239323,3.774111032485962,447100,0.0,0.0
2016-04-25,3.7741112028201456,3.8684640953679255,3.7312234128416244,3.8255763053894043,481300,0.0,0.0
2016-04-26,3.91135150784537,4.520355839999743,3.8255763362056587,4.245874881744385,4874200,0.0,0.0
2016-04-27,4.168677502763737,4.220142606623995,3.9456616436943333,4.074324607849121,711100,0.0,0.0
2016-04-28,4.117212017491461,4.1515220835532025,3.9799713442362457,4.031436443328857,657900,0.0,0.0
2016-04-29,4.04859167841848,4.04859167841848,3.782688448665053,3.851308584213257,1068900,0.0,0.0
2016-05-02,3.834153583405858,3.9113514410677572,3.6969133111253916,3.765533447265625,422900,0.0,0.0
2016-05-03,3.7312232141161426,3.8941962347429677,3.7312232141161426,3.834153413772583,469600,0.0,0.0
2016-05-04,3.8341536178951605,3.928506510440849,3.6883360317896314,3.705491065979004,415800,0.0,0.0
2016-05-05,3.705490995790705,3.7912661651128414,3.568250315867018,3.5854053497314453,706200,0.0,0.0
2016-05-06,3.559672937754987,3.6454481054943786,3.491052803563474,3.6368703842163086,486300,0.0,0.0
2016-05-09,3.6626031107810344,3.808421099316977,3.5939829771190044,3.774111032485962,297600,0.0,0.0
2016-05-10,3.8427312379642036,3.894196339172549,3.7398010355475124,3.8684639930725098,230000,0.0,0.0
2016-05-11,3.9027739931203644,4.091479360957555,3.7826883500338924,3.8941962718963623,534000,0.0,0.0
2016-05-12,3.8856190932775627,3.9628165419065176,3.611138139796073,3.6454482078552246,466800,0.0,0.0
2016-05-13,3.6368704539755994,3.834153548064444,3.6111381076643374,3.7312233448028564,410100,0.0,0.0
2016-05-16,3.782688515410883,3.9370842321269373,3.6797583102723657,3.8255763053894043,331500,0.0,0.0
2016-05-17,3.834153439163042,3.859886193751687,3.654025793075561,3.6540257930755615,358300,0.0,0.0
2016-05-18,3.6540257637628977,3.8169983751533323,3.6368703215025833,3.7398009300231934,232700,0.0,0.0
2016-05-19,3.7140682413676687,3.7569560297609157,3.645448107145083,3.68833589553833,225000,0.0,0.0
2016-05-20,3.6969131475639956,3.8598861681908208,3.688335835430087,3.834153413772583,364200,0.0,0.0
2016-05-23,3.816998583944599,4.271607603503835,3.816998583944599,4.065746784210205,819100,0.0,0.0
2016-05-24,4.057169370603355,4.160099573183266,3.971394201786763,4.1086344718933105,687400,0.0,0.0
2016-05-25,4.1772547429618925,4.460313013777422,4.125789639996185,4.417425632476807,1176500,0.0,0.0
2016-05-26,4.46031283109652,4.46031283109652,4.005704235681358,4.100057125091553,742600,0.0,0.0
2016-05-27,4.0829019625190295,4.211564506095886,3.997126388123456,4.202987194061279,386900,0.0,0.0
2016-05-31,4.280184845922721,4.288762567381454,4.091479472921576,4.16867733001709,534800,0.0,0.0
2016-06-01,4.220142227138744,4.245874572250815,4.022859142243778,4.202987194061279,369200,0.0,0.0
2016-06-02,4.177254366572007,4.177254366572007,4.057169137138924,4.134366989135742,273100,0.0,0.0
2016-06-03,4.151522224456485,4.160099536758911,4.031436580156416,4.048591613769531,348300,0.0,0.0
2016-06-06,4.048591476359729,4.10005698446059,3.937083966163194,4.031436443328857,321100,0.0,0.0
2016-06-07,3.988549065255806,4.0914792634410295,3.9713940322249353,4.031436443328857,307300,0.0,0.0
2016-06-08,4.048591590601595,4.674750927409514,3.9885491778034154,4.331650257110596,1455300,0.0,0.0
2016-06-09,4.25445243565485,4.58039848404163,4.177254579718963,4.3402276039123535,665500,0.0,0.0
2016-06-10,4.288762671399632,4.365960530367476,4.228719846757056,4.297340393066406,334400,0.0,0.0
2016-06-13,4.25445224690136,4.674750757220254,4.245874525952038,4.494622707366943,1451800,0.0,0.0
2016-06-14,4.537510547296385,5.575391071854593,4.460312693880374,5.318065166473389,4413400,0.0,0.0
2016-06-15,5.283755438599078,5.532503638857263,4.974964823180262,5.180825233459473,1998000,0.0,0.0
2016-06-16,5.180824959141318,5.2151350257045115,4.9921195930437525,5.146514892578125,734100,0.0,0.0
2016-06-17,5.146515200486061,5.2837554749497055,4.889189276858445,4.94923210144043,1152400,0.0,0.0
2016-06-20,4.974964588143706,5.0693170672266294,3.568250214994612,3.60256028175354,4462400,0.0,0.0
2016-06-21,3.602560451877397,3.8084212711605985,3.4738978999597077,3.5596730709075928,1391100,0.0,0.0
2016-06-22,3.525363002528439,3.645448241855478,3.405277558697261,3.5596730709075928,1155400,0.0,0.0
2016-06-23,3.602560283898271,3.7483782722146564,3.4996300835602083,3.6540257930755615,863700,0.0,0.0
2016-06-24,3.4224325610714863,3.671180963516235,3.4224325610714863,3.6711809635162354,1449400,0.0,0.0
2016-06-27,3.619715306004238,3.628293027176467,3.2851919514442116,3.4224324226379395,711100,0.0,0.0
2016-06-28,3.4481651440876337,3.54251803663216,3.4138550757093116,3.4395878314971924,431800,0.0,0.0
2016-06-29,3.4996301784052224,3.5768280352550716,3.4481650768414127,3.4910528659820557,321100,0.0,0.0
2016-06-30,3.482475108895158,3.5510952436110013,3.3966999405003544,3.4310100078582764,404800,0.0,0.0
2016-07-01,3.439587831583068,3.473897899962247,3.328079904846597,3.3538124561309814,574900,0.0,0.0
2016-07-05,3.3709672779230395,3.405277344140414,3.2165717754407295,3.2423043251037598,388400,0.0,0.0
2016-07-06,3.21657184586572,3.388122385212718,3.147951711928573,3.310924530029297,965800,0.0,0.0
2016-07-07,3.3109244941634355,3.396699865159831,3.2508818776188484,3.2766144275665283,388300,0.0,0.0
2016-07-08,3.302347016632227,3.4738977606571253,3.276614466379731,3.396699905395508,663400,0.0,0.0
2016-07-11,3.4567428658148174,3.473897900004616,3.3881225245514837,3.4138550758361816,349500,0.0,0.0
2016-07-12,3.4310099067071658,3.5425178268371296,3.41385487353396,3.448164939880371,473300,0.0,0.0
2016-07-13,3.4653200394021626,3.4996301064054904,3.3623898383921804,3.396699905395508,454700,0.0,0.0
2016-07-14,3.38812242182273,3.4738977946751315,3.345234837648596,3.370967388153076,305900,0.0,0.0
2016-07-15,3.4395877628131757,3.4395877628131757,3.3452348721527523,3.4052774906158447,254500,0.0,0.0
2016-07-18,3.482475212595377,3.491052934194415,3.379545007456584,3.4138550758361816,241400,0.0,0.0
2016-07-19,3.4224324556480035,3.431009972398835,3.370967355143012,3.396699905395508,181800,0.0,0.0
2016-07-20,3.4395877640460597,3.568250313437527,3.388122457983684,3.465320110321045,294900,0.0,0.0
2016-07-21,3.4653200101084085,3.593982964787377,3.4567426979342146,3.5082077980041504,340100,0.0,0.0
2016-07-22,3.49963005548611,3.9799713955520217,3.4910527433642082,3.7398009300231934,704500,0.0,0.0
2016-07-25,3.7741110256878385,3.8770412259954794,3.5682502160642975,3.628293037414551,543700,0.0,0.0
2016-07-26,3.6540259292605732,3.7483784119161716,3.576828071625744,3.619715452194214,263500,0.0,0.0
2016-07-27,3.6282931392585946,3.6883359622942145,3.585405350089113,3.611138105392456,159800,0.0,0.0
2016-07-28,3.5682502160642975,3.6626031041837646,3.5682502160642975,3.628293037414551,124900,0.0,0.0
2016-07-29,3.5339401207734538,3.774110995227844,3.5253628086545055,3.7140681743621826,314600,0.0,0.0
2016-08-01,2.032873358776824,2.2387339701912996,1.835590468821082,2.084338665008545,3032500,0.0,0.0
2016-08-02,2.0586061141447525,2.1701138345545194,1.9728307400946419,2.084338665008545,1159000,0.0,0.0
2016-08-03,2.058606182811054,2.101493769014588,1.9470982541777235,2.007140874862671,914600,0.0,0.0
2016-08-04,1.9213656031917405,2.050028559659347,1.8699005024063506,1.9642531871795654,807700,0.0,0.0
2016-08-05,2.007140773993434,2.127226213832555,1.9556756731355813,2.0500285625457764,825800,0.0,0.0
2016-08-08,2.1186487338376763,2.2473114882180196,2.084338666002918,2.144381284713745,753300,0.0,0.0
2016-08-09,2.1615363529023495,2.2816217967320975,2.127226284523604,2.2644667625427246,910700,0.0,0.0
2016-08-10,2.290199281561746,2.4789048594904415,2.2044239073191734,2.4102845191955566,1191300,0.0,0.0
2016-08-11,2.470327412215149,2.51321499829441,2.36739700112078,2.4188621044158936,1087300,0.0,0.0
2016-08-12,2.444594443143639,2.444594443143639,2.2730441137683215,2.3330867290496826,873300,0.0,0.0
2016-08-15,2.3245092449839193,2.3673968279255893,2.247311391184786,2.307354211807251,430500,0.0,0.0
2016-08-16,2.3245093485785513,2.4017070013139663,2.2473114913390004,2.3502418994903564,607100,0.0,0.0
2016-08-17,2.3245092781178154,2.38455189509201,2.2816216945648193,2.2816216945648193,461000,0.0,0.0
2016-08-18,2.281621727164434,2.3245093113302038,2.1786913206624527,2.230156421661377,586300,0.0,0.0
2016-08-19,2.230156320793073,2.2644665910779938,2.1958462550122753,2.2473113536834717,230400,0.0,0.0
2016-08-22,2.170113870120325,2.247311523976888,2.170113870120325,2.238734006881714,196100,0.0,0.0
2016-08-23,2.230156326920368,2.3416642455184484,2.2130012939828365,2.3330867290496826,265200,0.0,0.0
2016-08-24,2.290199346960435,2.5046374819341346,2.290199346960435,2.3588194847106934,886700,0.0,0.0
2016-08-25,2.3330867290496826,2.375974311393512,2.298776663174619,2.3330867290496826,242600,0.0,0.0
2016-08-26,2.3330868993427676,2.444594621575724,2.2901993138685537,2.324509382247925,256900,0.0,0.0
2016-08-29,2.3159317003932856,2.453171964147236,2.3073541839086635,2.393129348754883,231400,0.0,0.0
2016-08-30,2.401707070804605,2.410284588023387,2.2816218297416526,2.3588194847106934,377700,0.0,0.0
2016-08-31,2.281621625796555,2.298776658700699,2.152958674511349,2.2730441093444824,466800,0.0,0.0
2016-09-01,2.3073542066362775,2.3073542066362775,2.2130013198719287,2.22157883644104,154700,0.0,0.0
2016-09-02,2.247311556362382,2.3588194847106934,2.230156521924817,2.3588194847106934,385700,0.0,0.0
2016-09-06,2.3588193793502326,2.393129446692847,2.2473114559826013,2.2558891773223877,423200,0.0,0.0
2016-09-07,2.2387340067545267,2.315931865110843,2.1786913870917224,2.2644667625427246,288900,0.0,0.0
2016-09-08,2.2644667297843397,2.3502418994903564,2.2387339743683987,2.3502418994903564,164300,0.0,0.0
2016-09-09,2.3673969678270774,2.7190755777394986,1.9042106356767574,2.0328733921051025,2415700,0.0,0.0
2016-09-12,2.007140717709136,2.22157883644104,2.007140717709136,2.22157883644104,899500,0.0,0.0
2016-09-13,2.230156326920368,2.375974311393512,2.110071096357646,2.3330867290496826,786900,0.0,0.0
2016-09-14,2.3931293377559846,2.436016919981981,2.2387338372382724,2.2473113536834717,482100,0.0,0.0
2016-09-15,2.2816217278293487,2.3588193793502326,2.170113804461718,2.2558891773223877,564900,0.0,0.0
2016-09-16,2.2901993491875356,2.3416644525502766,2.144381351822294,2.2130014896392822,593600,0.0,0.0
2016-09-19,2.273044279637411,2.290199313826784,2.1786913870917224,2.2644667625427246,296000,0.0,0.0
2016-09-20,2.273044311746405,2.453172173279303,2.264466794530553,2.4188621044158936,671800,0.0,0.0
2016-09-21,2.3845520312402972,2.916358711173851,2.3845520312402972,2.770540714263916,2643500,0.0,0.0
2016-09-22,2.8734707109014868,2.984978630869858,2.676187625191389,2.8048505783081055,1073600,0.0,0.0
2016-09-23,2.796273196191175,2.899203604534725,2.701920509338379,2.701920509338379,668700,0.0,0.0
2016-09-26,2.6418777543666976,2.6590327887843404,2.4789049273990904,2.5646800994873047,614600,0.0,0.0
2016-09-27,2.624722518539239,2.727652921650805,2.5132148033811785,2.684765338897705,428800,0.0,0.0
2016-09-28,2.7104980605568834,2.916358675339737,2.641877719293173,2.7962732315063477,803200,0.0,0.0
2016-09-29,2.8648932246655705,2.8992034958297217,2.667610136866311,2.7190754413604736,459000,0.0,0.0
2016-09-30,2.7276531301728353,2.7619631989982314,2.607567684779807,2.624722719192505,580400,0.0,0.0
2016-10-03,4.125789448475683,4.400270393892907,3.396699910126988,3.516785144805908,9327900,0.0,0.0
2016-10-04,3.593983027612612,3.593983027612612,3.259459462302075,3.2851920127868652,1459000,0.0,0.0
2016-10-05,3.2851919746340212,3.32807976278139,3.02786626827046,3.1908392906188965,855300,0.0,0.0
2016-10-06,3.225149291995073,3.3709672779230395,3.1565291595603244,3.2423043251037598,510900,0.0,0.0
2016-10-07,3.259459498415628,3.44816507523234,3.250881981492329,3.4052774906158447,606500,0.0,0.0
2016-10-10,3.4481649726422394,3.4910527604868675,3.3538122892931397,3.4224324226379395,384700,0.0,0.0
2016-10-11,3.4224325231916715,3.4738978292164906,3.2937695648858254,3.3452348709106445,893500,0.0,0.0
2016-10-12,3.3366572486152437,3.3452347652644705,3.2423043609696216,3.2766144275665283,253600,0.0,0.0
2016-10-13,3.250881913740824,3.4052774196465894,3.182261779784542,3.3366572856903076,361500,0.0,0.0
2016-10-14,3.3881223069595054,3.3881223069595054,3.087908818910058,3.1822617053985596,585300,0.0,0.0
2016-10-17,3.130796695944586,3.2165718638454797,2.8734707832336426,2.8734707832336426,528300,0.0,0.0
2016-10-18,3.0021338132257944,3.130796772737126,2.8305832687120644,3.087908983230591,863300,0.0,0.0
2016-10-19,3.087908910579941,3.087908910579941,2.9163585746064915,2.9592461585998535,239800,0.0,0.0
2016-10-20,2.9592461556386676,2.9592461556386676,2.787695615332749,2.8734707832336426,469800,0.0,0.0
2016-10-21,2.8305832641376463,2.8305832641376463,2.6590327199011536,2.701920509338379,479300,0.0,0.0
2016-10-24,2.787695541416175,2.787695541416175,2.6590325884722397,2.7448079586029053,336200,0.0,0.0
2016-10-25,2.6590327199011536,2.701920509338379,2.5732575500349757,2.701920509338379,334200,0.0,0.0
2016-10-26,2.6761877538743892,2.744808094271468,2.6161451349680647,2.701920509338379,304000,0.0,0.0
2016-10-27,2.7019204004051667,2.744807983609159,2.573257446289062,2.5732574462890625,203800,0.0,0.0
2016-10-28,2.5732575490554055,2.659032718888931,2.5303699641386426,2.616145133972168,389000,0.0,0.0
2016-10-31,2.5303699641386426,2.659032718888931,2.5303699641386426,2.616145133972168,347500,0.0,0.0
2016-11-01,2.581835066038758,2.659032718888931,2.5303699641386426,2.616145133972168,244800,0.0,0.0
2016-11-02,2.616145167972837,2.616145167972837,2.530369997024536,2.530369997024536,187500,0.0,0.0
2016-11-03,2.5732575824986865,2.5732575824986865,2.530369997024536,2.530369997024536,168800,0.0,0.0
2016-11-04,2.530369997024536,2.5732575824986865,2.4874824115503857,2.530369997024536,189200,0.0,0.0
2016-11-07,2.5303699641386426,2.7876956781433555,2.5303699641386426,2.616145133972168,338700,0.0,0.0
2016-11-08,2.616145133972168,2.744808093226593,2.5303699641386426,2.616145133972168,249000,0.0,0.0
2016-11-09,2.573257417779043,2.659032583236694,2.5303698350502173,2.6590325832366943,274000,0.0,0.0
2016-11-10,2.573257417779043,2.659032583236694,2.5303698350502173,2.6590325832366943,312600,0.0,0.0
2016-11-11,2.616145199509272,3.00213388243782,2.5732576135181313,2.830583333969116,805600,0.0,0.0
2016-11-14,2.8820483320246417,2.916358604070096,2.7448080618593607,2.7876956462860107,288800,0.0,0.0
2016-11-15,2.7448080618593607,2.959246188496746,2.659032688501926,2.7876956462860107,339600,0.0,0.0
2016-11-16,2.787695747977976,2.9077811932573105,2.744808161986835,2.830583333969116,304700,0.0,0.0
2016-11-17,2.7876955190070793,2.916358470916748,2.7448079365385647,2.916358470916748,336000,0.0,0.0
2016-11-18,2.916358571688221,2.916358571688221,2.813428165703017,2.8734707832336426,319700,0.0,0.0
2016-11-21,2.9592461556386676,2.9592461556386676,2.7448080313823024,2.8734707832336426,415000,0.0,0.0
2016-11-22,2.830583199283196,2.916358571688221,2.7705405817525706,2.8734707832336426,329000,0.0,0.0
2016-11-23,2.787695646286011,2.916358604070096,2.659032688501926,2.7876956462860107,296500,0.0,0.0
2016-11-25,2.787695541416175,2.787695541416175,2.7019203757896353,2.7448079586029053,71500,0.0,0.0
2016-11-28,2.7448079586029053,2.787695541416175,2.6590325884722397,2.7448079586029053,176800,0.0,0.0
2016-11-29,2.701920509338379,2.744808094271468,2.6590327199011536,2.701920509338379,165100,0.0,0.0
2016-11-30,2.7876956792045573,2.7876956792045573,2.6590327199011536,2.701920509338379,194700,0.0,0.0
2016-12-01,2.659032583236694,2.7019203704696455,2.659032583236694,2.6590325832366943,123400,0.0,0.0
2016-12-02,2.6590327199011536,2.744808094271468,2.6161451349680647,2.701920509338379,215600,0.0,0.0
2016-12-05,2.7448081289309614,3.002133846282959,2.7448081289309614,3.002133846282959,546800,0.0,0.0
2016-12-06,2.916358470916748,3.002133635853778,2.916358470916748,2.916358470916748,261700,0.0,0.0
2016-12-07,2.8305832307126613,2.993556256038066,2.787695646286011,2.7876956462860107,128000,0.0,0.0
2016-12-08,2.744808161986835,2.830583333969116,2.744808161986835,2.830583333969116,208400,0.0,0.0
2016-12-09,2.830583340752004,2.95924630353788,1.8012802519774183,2.3588194847106934,3014500,0.0,0.0
2016-12-12,2.2301563161142917,2.3159316848904554,2.05860598757021,2.1872687339782715,878400,0.0,0.0
2016-12-13,2.144381318712977,2.187268904186409,1.9299431868416792,2.0586061477661133,1365600,0.0,0.0
2016-12-14,2.058606038832901,2.058606038832901,1.8870555015128045,1.9299430847167969,615800,0.0,0.0
2016-12-15,1.972830772315111,2.101493733239545,1.9299431868416792,2.0586061477661133,347400,0.0,0.0
2016-12-16,2.0157182271391925,2.1014935970306396,2.0157182271391925,2.1014935970306396,481000,0.0,0.0
2016-12-19,2.0586061477661133,2.101493733239545,2.015718357788543,2.0586061477661133,322700,0.0,0.0
2016-12-20,2.1014936999202973,2.144381284713745,2.0586061151268495,2.144381284713745,233000,0.0,0.0
2016-12-21,2.1014935970306396,2.144381179724301,2.1014935970306396,2.1014935970306396,255900,0.0,0.0
2016-12-22,2.101493733329866,2.1272262846150314,1.9728307723999021,1.9728307723999023,232300,0.0,0.0
2016-12-23,1.9728307723999021,2.015718357875177,1.929943186924627,1.9728307723999023,218100,0.0,0.0
2016-12-27,1.9728307723999021,2.015718357875177,1.929943186924627,1.9728307723999023,284400,0.0,0.0
2016-12-28,1.9299430997817495,1.972830683320518,1.887055516242981,1.887055516242981,350300,0.0,0.0
2016-12-29,1.8870555015128045,1.9728306679207888,1.8870555015128045,1.9299430847167969,491900,0.0,0.0
2016-12-30,1.9299430997817495,1.9299430997817495,1.8012801446613143,1.887055516242981,597400,0.0,0.0
2017-01-03,1.887055516242981,1.887055516242981,1.8012801446613143,1.887055516242981,399600,0.0,0.0
2017-01-04,1.8441679596653124,2.230156421661377,1.8441679596653124,2.230156421661377,619800,0.0,0.0
2017-01-05,2.238733832541496,2.358819267026476,2.1872687339782715,2.1872687339782715,374500,0.0,0.0
2017-01-06,2.144381179724301,2.1872687624179616,2.0929160804919076,2.1014935970306396,129900,0.0,0.0
2017-01-09,2.101493591322907,2.101493591322907,2.0157182216644287,2.0157182216644287,130700,0.0,0.0
2017-01-10,1.972830639087252,2.0586060087457305,1.972830639087252,2.0157182216644287,158900,0.0,0.0
2017-01-11,2.0157182271391925,2.1014935970306396,1.9728306444455315,2.1014935970306396,165600,0.0,0.0
2017-01-12,2.0586061477661133,2.144381318712977,2.0586061477661133,2.0586061477661133,138800,0.0,0.0
2017-01-13,2.0586060087457305,2.0586060087457305,2.0157182216644287,2.0157182216644287,231500,0.0,0.0
2017-01-17,2.0157182271391925,2.144381179724301,2.0157182271391925,2.1014935970306396,220600,0.0,0.0
2017-01-18,2.1014936999202973,2.187268869507193,2.1014936999202973,2.144381284713745,326900,0.0,0.0
2017-01-19,2.1872687564772604,2.1872687564772604,2.0157182216644287,2.0157182216644287,257900,0.0,0.0
2017-01-20,2.015718357875177,2.058606147854591,1.9728307723999021,1.9728307723999023,203700,0.0,0.0
2017-01-23,1.9728307723999021,2.015718357875177,1.844168015974077,1.9728307723999023,301600,0.0,0.0
2017-01-24,1.972830639087252,2.0157182216644287,1.9299430565100755,2.0157182216644287,233100,0.0,0.0
2017-01-25,1.972830772315111,2.0586061477661133,1.9299431868416792,2.0586061477661133,152500,0.0,0.0
2017-01-26,2.0586061151268495,2.187268869507193,2.0586061151268495,2.144381284713745,323900,0.0,0.0
2017-01-27,2.1872687624179616,2.1872687624179616,2.1014935970306396,2.1014935970306396,136400,0.0,0.0
2017-01-30,2.101493733239545,2.187268904186409,2.015718357788543,2.0586061477661133,151900,0.0,0.0
2017-01-31,2.101493669164066,2.230156421661377,2.058606084998296,2.230156421661377,376300,0.0,0.0
2017-02-01,2.1872687624179616,2.2301563451116224,2.0757610474144434,2.1014935970306396,275700,0.0,0.0
2017-02-02,2.101493733239545,2.1358038016182905,2.0586061477661133,2.0586061477661133,132100,0.0,0.0
2017-02-03,2.058606014336979,2.1272261466468363,2.0157182271391925,2.1014935970306396,142200,0.0,0.0
2017-02-06,2.144381318712977,2.144381318712977,2.0586061477661133,2.0586061477661133,357400,0.0,0.0
2017-02-07,2.015718357875177,2.101493733329866,1.9728307723999021,1.9728307723999023,360600,0.0,0.0
2017-02-08,2.015718251124781,2.058606038832901,1.9299430847167967,1.9299430847167969,328200,0.0,0.0
2017-02-09,1.9299430565100755,2.0586060087457305,1.9127880234792047,2.0157182216644287,214600,0.0,0.0
2017-02-10,1.9728307723999021,2.015718357875177,1.929943186924627,1.9728307723999023,172000,0.0,0.0
2017-02-13,1.9299430847167967,1.998563217843184,1.9299430847167967,1.9299430847167969,229300,0.0,0.0
2017-02-14,1.929943186924627,2.015718357875177,1.844168015974077,1.9728307723999023,394300,0.0,0.0
2017-02-15,2.0157182216644287,2.0157182216644287,1.972830639087252,2.0157182216644287,54600,0.0,0.0
2017-02-16,1.9728307723999021,2.015718357875177,1.929943186924627,1.9728307723999023,121400,0.0,0.0
2017-02-17,2.015718357788543,2.0586061477661133,1.972830772315111,2.0586061477661133,221900,0.0,0.0
2017-02-21,2.050028492230295,2.0586060087457305,1.9299430565100755,2.0157182216644287,113500,0.0,0.0
2017-02-22,1.9728306444455315,2.1014935970306396,1.9728306444455315,2.1014935970306396,211300,0.0,0.0
2017-02-23,2.101493591322907,2.101493591322907,2.0157182216644287,2.0157182216644287,157400,0.0,0.0
2017-02-24,2.0157182216644287,2.101493591322907,2.0157182216644287,2.0157182216644287,145400,0.0,0.0
2017-02-27,1.9728307723999021,2.015718357875177,1.929943186924627,1.9728307723999023,248800,0.0,0.0
2017-02-28,1.9299430847167967,1.9728306679207888,1.8870555015128045,1.9299430847167969,252700,0.0,0.0
2017-03-01,1.9299430847167967,1.9728306679207888,1.9299430847167967,1.9299430847167969,179600,0.0,0.0
2017-03-02,1.9299430997817495,1.998563233443779,1.887055516242981,1.887055516242981,193100,0.0,0.0
2017-03-03,1.887055551238454,1.9299431355725734,1.887055551238454,1.9213656187057495,166600,0.0,0.0
2017-03-06,1.887055516242981,1.9299430997817495,1.8441679327042124,1.887055516242981,144400,0.0,0.0
2017-03-07,1.8870555015128045,1.9728306679207888,1.8870555015128045,1.9299430847167969,132900,0.0,0.0
2017-03-08,1.9299430847167967,1.9728306679207888,1.8870555015128045,1.9299430847167969,95700,0.0,0.0
2017-03-09,1.9299430997817495,1.972830683320518,1.887055516242981,1.887055516242981,136600,0.0,0.0
2017-03-10,1.887055516242981,1.9299430997817495,1.887055516242981,1.887055516242981,120100,0.0,0.0
2017-03-13,1.887055516242981,1.9299430997817495,1.887055516242981,1.887055516242981,153300,0.0,0.0
2017-03-14,1.887055516242981,1.9299430997817495,1.887055516242981,1.887055516242981,133400,0.0,0.0
2017-03-15,1.887055516242981,1.9299430997817495,1.887055516242981,1.887055516242981,77600,0.0,0.0
2017-03-16,1.9299430847167967,1.9299430847167967,1.8870555015128045,1.9299430847167969,163100,0.0,0.0
2017-03-17,1.8870555316582809,1.9728306994365128,1.844167947769165,1.844167947769165,285300,0.0,0.0
2017-03-20,1.844167947769165,1.8870555316582809,1.844167947769165,1.844167947769165,183400,0.0,0.0
2017-03-21,1.8870555316582809,1.8870555316582809,1.801280159375918,1.844167947769165,163300,0.0,0.0
2017-03-22,1.8441679288295596,1.88705551227822,1.80128014087677,1.80128014087677,168800,0.0,0.0
2017-03-23,1.8441679288295596,1.8441679288295596,1.4581792687833577,1.80128014087677,975900,0.0,0.0
2017-03-24,1.758392603760432,1.758392603760432,1.6297297477722168,1.6297297477722168,210100,0.0,0.0
2017-03-27,1.6726174515784356,1.6726174515784356,1.5010669070183664,1.5868421792984009,374600,0.0,0.0
2017-03-28,1.586842179298401,1.629729764312384,1.586842179298401,1.5868421792984009,129100,0.0,0.0
2017-03-29,1.5868421490848659,1.7583925881265399,1.5868421490848659,1.7155050039291382,289400,0.0,0.0
2017-03-30,1.7583925473967004,1.9728306679207888,1.7412375141151035,1.9299430847167969,314100,0.0,0.0
2017-03-31,1.9728307723999021,1.9728307723999021,1.844168015974077,1.9728307723999023,218000,0.0,0.0
2017-04-03,1.972830639087252,2.0586060087457305,1.9299430565100755,2.0157182216644287,183200,0.0,0.0
2017-04-04,2.0586060549021847,2.0586060549021847,1.8441679327042124,1.887055516242981,187500,0.0,0.0
2017-04-05,1.8870555316582809,1.929943115547397,1.844167947769165,1.844167947769165,109100,0.0,0.0
2017-04-06,1.844168015974077,1.9728307723999021,1.8012802259946632,1.9728307723999023,161700,0.0,0.0
2017-04-07,1.9299430997817495,1.972830683320518,1.887055516242981,1.887055516242981,68000,0.0,0.0
2017-04-10,1.8870555316582809,2.015718283325629,1.844167947769165,1.844167947769165,169500,0.0,0.0
2017-04-11,1.844167947769165,1.8870555316582809,1.844167947769165,1.844167947769165,130300,0.0,0.0
2017-04-12,1.88705551227822,1.9299430957268804,1.80128014087677,1.80128014087677,123500,0.0,0.0
2017-04-13,1.801280159375918,1.929943115547397,1.7412375419311557,1.844167947769165,174700,0.0,0.0
2017-04-17,1.8870555015128045,1.9728306679207888,1.8613229515904093,1.9299430847167969,154200,0.0,0.0
2017-04-18,1.9299431868416792,2.101493733239545,1.8613230500841884,2.0586061477661133,525200,0.0,0.0
2017-04-19,2.058606177549171,2.401707070804605,1.9728308008572062,2.3588194847106934,1495500,0.0,0.0
2017-04-20,2.315931835050692,2.9592462223145435,2.23015646071303,2.616145133972168,2700500,0.0,0.0
2017-04-21,2.573257417779043,2.744807953198471,2.3588192996307895,2.6590325832366943,1076300,0.0,0.0
2017-04-24,2.70192047743271,2.916358604070096,2.616145104075276,2.7876956462860107,798400,0.0,0.0
2017-04-25,2.830583199283196,2.916358571688221,2.530369907125937,2.8734707832336426,887500,0.0,0.0
2017-04-26,2.9592461556386676,2.9592461556386676,2.7448080313823024,2.8734707832336426,357800,0.0,0.0
2017-04-27,2.9592461556386676,2.9592461556386676,2.830583199283196,2.8734707832336426,453600,0.0,0.0
2017-04-28,2.830583333969116,2.873470919960257,2.744808161986835,2.830583333969116,329700,0.0,0.0
2017-05-01,2.873470919960257,3.00213388243782,2.7019205759956946,2.830583333969116,379900,0.0,0.0
2017-05-02,2.787695615332749,2.8734707832336426,2.7448080313823024,2.8734707832336426,335300,0.0,0.0
2017-05-03,2.830583333969116,2.873470919960257,2.787695747977976,2.830583333969116,162500,0.0,0.0
2017-05-04,2.787695566813151,2.830583150017143,2.4017069089689658,2.5732574462890625,825300,0.0,0.0
2017-05-05,2.5732575500349757,2.7876956792045573,2.5732575500349757,2.701920509338379,168100,0.0,0.0
2017-05-08,2.6161450005078684,2.744807953198471,2.4874822523213918,2.6590325832366943,382400,0.0,0.0
2017-05-09,2.6161450056589697,2.7448079586029053,2.53036984003243,2.7448079586029053,204400,0.0,0.0
2017-05-10,2.7448079586029053,2.9163584943601104,2.6590325884722397,2.7448079586029053,400400,0.0,0.0
2017-05-11,2.7448080618593607,2.8305832307126613,2.659032688501926,2.7876956462860107,165400,0.0,0.0
2017-05-12,2.7448080313823024,2.916358571688221,2.7448080313823024,2.8734707832336426,381200,0.0,0.0
2017-05-15,2.916358513641374,3.0879088460286437,2.873470726040429,3.070753812789917,696900,0.0,0.0
2017-05-16,3.0879090172322448,3.130796807211027,3.002133846282959,3.002133846282959,303400,0.0,0.0
2017-05-17,2.959246188496746,3.0021337729233966,2.7448080618593607,2.7876956462860107,195400,0.0,0.0
2017-05-18,2.787695615332749,2.8734707832336426,2.6590326589772775,2.8734707832336426,237700,0.0,0.0
2017-05-19,2.959246053385263,3.0450212183222924,2.7876955190070793,2.916358470916748,241200,0.0,0.0
2017-05-22,2.9163585746064915,2.959246158599854,2.873470786108997,2.9592461585998535,212700,0.0,0.0
2017-05-23,2.9163586440087665,3.216571943610785,2.873470854490647,3.1736843585968018,372200,0.0,0.0
2017-05-24,3.2165718381288126,3.3881223770631754,3.0879088828020085,3.1307966709136963,405900,0.0,0.0
2017-05-25,3.0879088828020085,3.1736842545212545,3.0450212991944503,3.1307966709136963,307900,0.0,0.0
2017-05-26,3.0879088828020085,3.1307966709136963,3.0450212991944503,3.1307966709136963,129100,0.0,0.0
2017-05-30,3.0879088791036775,3.1736842507201923,2.942091095012623,3.0450212955474854,303100,0.0,0.0
2017-05-31,3.002133635853778,3.002133635853778,2.873470683944109,2.916358470916748,210300,0.0,0.0
2017-06-01,3.045021399050716,3.259459528624768,3.0278663650451225,3.1736843585968018,727900,0.0,0.0
2017-06-02,3.3023469448089595,3.388122314955867,3.2165717791661788,3.30234694480896,685900,0.0,0.0
2017-06-05,3.3881223451814244,4.2887624104817705,3.3452347619774323,3.8598861694335938,2989900,0.0,0.0
2017-06-06,3.902774163660929,4.20298746647909,3.816998583705788,4.117212295532227,1347600,0.0,0.0
2017-06-07,4.202987498948887,4.58897597569583,4.16009970863999,4.417425632476807,1928100,0.0,0.0
2017-06-08,4.546088218688965,4.631863383209687,4.460312645159997,4.546088218688965,1252500,0.0,0.0
2017-06-09,4.63186354812628,4.63186354812628,4.20298730124437,4.331650257110596,1134900,0.0,0.0
2017-06-12,4.2887624688191,4.54608838055155,4.245874680527605,4.331650257110596,795700,0.0,0.0
2017-06-13,4.331650090324645,4.460312632228583,4.202987139412461,4.374537467956543,612000,0.0,0.0
2017-06-14,4.374537732012202,4.4603129014618,3.774111136856746,3.9027740955352783,810700,0.0,0.0
2017-06-15,3.7741111019267537,3.859886270582489,3.7312233130947527,3.8169984817504883,605000,0.0,0.0
2017-06-16,3.731223170918633,4.245874572250815,3.731223170918633,4.202987194061279,1403700,0.0,0.0
2017-06-19,4.160099506378174,4.202987294601889,3.9456613832761205,4.160099506378174,362000,0.0,0.0
2017-06-20,4.202987358863623,4.288762527614255,3.8169984859733797,3.98854923248291,754400,0.0,0.0
2017-06-21,3.9027739001014523,4.074324230410159,3.9027739001014523,4.031436443328857,172700,0.0,0.0
2017-06-22,3.9885491714998356,4.160099506378174,3.8169984276132367,4.160099506378174,543400,0.0,0.0
2017-06-23,4.117212328788958,4.288762672068382,4.074324538464962,4.245874881744385,1060000,0.0,0.0
2017-06-26,4.417425528311969,4.417425528311969,4.160099610543011,4.28876256942749,495500,0.0,0.0
2017-06-27,4.245874673817342,4.331650250264772,4.11721212716272,4.160099506378174,355900,0.0,0.0
2017-06-28,4.160099610543011,4.331650358725073,3.98854927136922,4.28876256942749,428200,0.0,0.0
2017-06-29,4.048591646104219,4.117212190112991,3.8169984859733797,3.98854923248291,806400,0.0,0.0
2017-06-30,3.988549264984876,4.014281611315621,3.859886306306344,3.9027740955352783,279600,0.0,0.0
2017-07-03,3.9027740955352783,3.945661475755942,3.688335967407148,3.9027740955352783,228900,0.0,0.0
2017-07-05,3.774111003025609,3.9027739571417137,3.688335836617625,3.8598861694335938,286600,0.0,0.0
2017-07-06,3.90277405941449,3.9456614392382243,3.816998481750488,3.8169984817504883,153400,0.0,0.0
2017-07-07,3.945661443603461,3.98854923248291,3.7655333847230006,3.98854923248291,182900,0.0,0.0
2017-07-10,3.98854923248291,4.074324401233542,3.9027740637322785,3.98854923248291,174400,0.0,0.0
2017-07-11,4.031436816794762,4.16009978094955,3.9885494347486916,4.074324607849121,187700,0.0,0.0
2017-07-12,4.031436816794762,4.16009978094955,3.9885494347486916,4.074324607849121,276000,0.0,0.0
2017-07-13,3.9885494347486916,4.16009978094955,3.9885494347486916,4.074324607849121,213500,0.0,0.0
2017-07-14,4.031436715750354,4.074324505729768,3.859886373849254,3.9456615447998047,284600,0.0,0.0
2017-07-17,3.0021336695761187,3.64544802734243,2.959246086625857,3.473897695541382,789700,0.0,0.0
2017-07-18,3.473897765496139,3.64544810075174,3.473897765496139,3.516785144805908,276200,0.0,0.0
2017-07-19,3.516785209312926,3.516785209312926,3.259459497205369,3.3452348709106445,386500,0.0,0.0
2017-07-20,3.4310099283854165,3.5167850947934007,3.1307966414533435,3.216571807861328,293000,0.0,0.0
2017-07-21,3.3023469448089595,3.345234732134476,3.0450212433764907,3.30234694480896,409700,0.0,0.0
2017-07-24,3.2165718078613277,3.285191940987715,3.0450212705412314,3.216571807861328,544300,0.0,0.0
2017-07-25,3.1736842545212545,3.3452347934556173,3.002133715586892,3.1307966709136963,607900,0.0,0.0
2017-07-26,3.0879090172322448,3.17368439268567,3.002133846282959,3.002133846282959,192600,0.0,0.0
2017-07-27,3.002133846282959,3.0879090172322448,2.9592462608083157,3.002133846282959,160000,0.0,0.0
2017-07-28,3.0021338132257944,3.216571942741923,2.959246228223396,3.087908983230591,225900,0.0,0.0
2017-07-31,3.0450213265865784,3.087908910579941,2.959246158599854,2.9592461585998535,132800,0.0,0.0
2017-08-01,2.9592462608083157,3.045021431757602,2.873470885354891,3.002133846282959,203800,0.0,0.0
2017-08-02,2.9592461284351,3.1736842507201923,2.9592461284351,3.0450212955474854,185100,0.0,0.0
2017-08-03,3.0021337119912928,3.122219150452761,2.9592461284351,3.0450212955474854,100800,0.0,0.0
2017-08-04,3.002133814036733,3.216571943610785,3.002133814036733,3.1736843585968018,130000,0.0,0.0
2017-08-07,3.1307966709136963,3.259459421736371,3.0879088828020085,3.1307966709136963,79200,0.0,0.0
2017-08-08,3.130796807211027,3.17368439268567,2.9592462608083157,3.002133846282959,165400,0.0,0.0
2017-08-09,2.873470683944109,3.002133635853778,2.873470683944109,2.916358470916748,141100,0.0,0.0
2017-08-10,2.873470683944109,3.0450212183222924,2.873470683944109,2.916358470916748,182000,0.0,0.0
2017-08-11,2.8305832687120644,3.0879089832305913,2.573257554193538,3.087908983230591,207000,0.0,0.0
2017-08-14,3.3452347619774323,3.3452347619774323,3.1307966414533435,3.216571807861328,139000,0.0,0.0
2017-08-15,3.1307966709136963,3.207994321407301,2.8734707602600875,3.1307966709136963,108700,0.0,0.0
2017-08-16,3.1736842545212545,3.1736842545212545,3.070753849358985,3.1307966709136963,87100,0.0,0.0
2017-08-17,3.0879090172322448,3.130796807211027,3.002133846282959,3.002133846282959,98900,0.0,0.0
2017-08-18,2.959246104133247,3.25945939106532,2.916358520929255,3.216571807861328,257100,0.0,0.0
2017-08-21,3.3023469176375055,3.4310098695471747,2.916358470916748,2.916358470916748,332300,0.0,0.0
2017-08-22,3.002133846282959,3.0879090172322448,2.9163586753336728,3.002133846282959,119800,0.0,0.0
2017-08-23,3.002133846282959,3.130796807211027,2.9163586753336728,3.002133846282959,164200,0.0,0.0
2017-08-24,2.959246228223396,3.130796772737126,2.959246228223396,3.087908983230591,64600,0.0,0.0
2017-08-25,3.1307966709136963,3.3023470053439294,3.0450212991944503,3.1307966709136963,209400,0.0,0.0
2017-08-28,3.0879088537452235,3.2165718078613277,3.0879088537452235,3.216571807861328,79400,0.0,0.0
2017-08-29,3.1307966414533435,3.2165718078613277,3.1307966414533435,3.216571807861328,62800,0.0,0.0
2017-08-30,3.1307967418082856,3.2594594955444336,3.1307967418082856,3.2594594955444336,153800,0.0,0.0
2017-08-31,3.1736842981697317,3.431010007858276,3.1736842981697317,3.4310100078582764,201300,0.0,0.0
2017-09-01,3.431009903062628,3.431009903062628,3.302346949896129,3.388122320175171,135300,0.0,0.0
2017-09-05,3.3023470212322765,3.6025603124337087,3.3023470212322765,3.516785144805908,410200,0.0,0.0
2017-09-06,3.5167851762530797,3.585405310968923,3.3023470507619375,3.4310100078582764,169200,0.0,0.0
2017-09-07,3.388122423660874,3.4738977965598106,3.3023470507619375,3.4310100078582764,84700,0.0,0.0
2017-09-08,3.4310100401117856,3.4738978292164906,3.3023470818059395,3.3452348709106445,128500,0.0,0.0
2017-09-11,3.388122423660874,3.4738977965598106,3.345234839463472,3.4310100078582764,238500,0.0,0.0
2017-09-12,3.473897867559465,4.1172122571809755,3.439587799500313,3.6454482078552246,839100,0.0,0.0
2017-09-13,3.559673037707345,3.7998435141214086,3.473897867559465,3.6454482078552246,314800,0.0,0.0
2017-09-14,3.5167852809295117,3.645448241855478,3.5167852809295117,3.5596730709075928,118200,0.0,0.0
2017-09-15,3.6454480220040426,3.902773928337041,3.3881223201751705,3.388122320175171,547600,0.0,0.0
2017-09-18,3.4738977715886192,3.7312232749233147,3.4738977715886192,3.68833589553833,299800,0.0,0.0
2017-09-19,3.7312232749233147,3.7741110633165618,3.602560318751836,3.68833589553833,155900,0.0,0.0
2017-09-20,3.6454480697063296,3.77411102455644,3.473897735911688,3.60256028175354,211800,0.0,0.0
2017-09-21,3.5596729331239394,3.6025603124337087,3.473897765496139,3.516785144805908,166100,0.0,0.0
2017-09-22,3.473897695541382,3.516785073987517,3.431009908086993,3.473897695541382,109500,0.0,0.0
2017-09-25,3.4310100401117856,3.4310100401117856,3.3452348709106445,3.3452348709106445,183100,0.0,0.0
2017-09-26,3.4310100401117856,3.4310100401117856,3.3023470818059395,3.3452348709106445,153900,0.0,0.0
2017-09-27,3.3452348095503077,3.5596729331239394,3.216571853604476,3.516785144805908,186300,0.0,0.0
2017-09-28,3.5167851762530797,3.645448133349418,3.388122423660874,3.4310100078582764,298800,0.0,0.0
2017-09-29,3.388122455511215,3.4310100401117856,3.259459497205369,3.3452348709106445,114400,0.0,0.0
2017-10-02,4.374537777091324,5.4553061503182665,4.031436686749043,4.760526657104492,3641400,0.0,0.0
2017-10-03,4.674750815579677,4.974964508421883,4.460312697268532,4.846301555633545,1119600,0.0,0.0
2017-10-04,4.8034138179379315,6.433143615722655,4.8034138179379315,6.433143615722656,2438900,0.0,0.0
2017-10-05,6.218705755967717,7.248008614041823,5.927069768943135,6.175817966461182,3578700,0.0,0.0
2017-10-06,6.1758178842217655,7.033570390864137,6.132930504294608,6.990682601928711,1390800,0.0,0.0
2017-10-09,6.947795380908424,7.5053341629495,6.347368402467513,6.776244640350342,2034500,0.0,0.0
2017-10-10,6.819132127251481,7.033570249605405,6.347368503477804,6.904907703399658,1486100,0.0,0.0
2017-10-11,6.990682461531317,6.999260182749438,6.561806625831728,6.904907703399658,920500,0.0,0.0
2017-10-12,6.776244690362849,7.462446430634978,6.690469523954865,7.076457977294922,1212700,0.0,0.0
2017-10-13,7.076458351952689,7.076458351952689,5.318065506955073,6.004267692565918,2503300,0.0,0.0
2017-10-16,6.947795630257903,7.033570390102936,5.275177997081336,5.5753912925720215,3177000,0.0,0.0
2017-10-17,5.403841087041163,5.489616257992489,4.631863730462671,4.88918924331665,1944200,0.0,0.0
2017-10-18,5.060739600149361,5.095049665858178,4.160099352772318,4.374537467956543,1703100,0.0,0.0
2017-10-19,4.374537628699337,5.146514953530576,3.816998426931873,4.974964618682861,2423300,0.0,0.0
2017-10-20,4.8463018623451255,5.06073999422758,4.33165042762889,4.88918924331665,1323500,0.0,0.0
2017-10-23,4.8891890993309675,4.8891890993309675,4.588975805338411,4.631863594055176,421300,0.0,0.0
2017-10-24,4.546088420662559,4.71763875732564,4.417425463661116,4.460312843322754,430100,0.0,0.0
2017-10-25,4.417425463661116,4.460312843322754,4.331650295329576,4.460312843322754,329800,0.0,0.0
2017-10-26,4.417425463661116,4.5375106993252725,4.374537674991213,4.460312843322754,331000,0.0,0.0
2017-10-27,4.460312843322754,4.503200631992656,4.331650295329576,4.460312843322754,621400,0.0,0.0
2017-10-30,4.460312632228583,4.460312632228583,4.288762303684502,4.374537467956543,244200,0.0,0.0
2017-10-31,4.460313013777422,4.460313013777422,4.37453784216791,4.417425632476807,221100,0.0,0.0
2017-11-01,4.460313015347804,4.460313015347804,4.1600997101046735,4.245874881744385,396600,0.0,0.0
2017-11-02,4.202987194061279,4.331650146646388,4.160099406863493,4.202987194061279,177700,0.0,0.0
2017-11-03,4.202987500428669,4.3316504623923775,4.1600997101046735,4.245874881744385,172000,0.0,0.0
2017-11-06,4.1600997101046735,4.3316504623923775,4.1600997101046735,4.245874881744385,308400,0.0,0.0
2017-11-07,4.245874954049979,4.245874954049979,4.031436816794762,4.074324607849121,224900,0.0,0.0
2017-11-08,3.98854927136922,4.28876256942749,3.98854927136922,4.28876256942749,213800,0.0,0.0
2017-11-09,4.160099569984173,4.2458747387348055,3.9027740637322785,3.98854923248291,422500,0.0,0.0
2017-11-10,3.9885493346077925,4.245874847448383,3.9885493346077925,4.117212295532227,184400,0.0,0.0
2017-11-13,4.288762527614255,4.288762527614255,3.945661443603461,3.98854923248291,155500,0.0,0.0
2017-11-14,3.9456613988730256,3.9885491872662726,3.645448107145083,3.68833589553833,344700,0.0,0.0
2017-11-15,3.645448241855478,3.6883360318335594,3.4738978999597077,3.5596730709075928,285800,0.0,0.0
2017-11-16,3.64544824196874,4.031436715750354,3.55967307101819,3.9456615447998047,377100,0.0,0.0
2017-11-17,3.8169983591434784,4.245874597654352,3.388122325136731,3.473897695541382,828500,0.0,0.0
2017-11-20,3.516785209312926,3.559672998417631,3.087908954298953,3.3452348709106445,858800,0.0,0.0
2017-11-21,3.388122423660874,3.431010007858276,3.345234839463472,3.4310100078582764,359300,0.0,0.0
2017-11-22,3.3881223201751705,3.431009903062628,3.302346949896129,3.388122320175171,221200,0.0,0.0
2017-11-24,3.473897690454212,3.473897690454212,3.216571784121214,3.388122320175171,205600,0.0,0.0
2017-11-27,3.345234869206,3.388122453784716,3.2594594955444336,3.2594594955444336,215700,0.0,0.0
2017-11-28,3.345234732134476,3.345234732134476,3.173684196344788,3.30234694480896,446100,0.0,0.0
2017-11-29,3.3023471136387514,3.345234903156871,3.130796773582819,3.1736843585968018,242000,0.0,0.0
2017-11-30,3.2165718381288126,3.3023470053439294,3.0879088828020085,3.1307966709136963,218200,0.0,0.0
2017-12-01,3.1736842246573356,3.302346974269312,3.0879088537452235,3.216571807861328,238500,0.0,0.0
2017-12-04,3.3452349022532544,3.3881224872556523,3.0879089832305913,3.087908983230591,372600,0.0,0.0
2017-12-05,3.087908897658645,3.7312232683795403,3.087908897658645,3.516785144805908,583700,0.0,0.0
2017-12-06,3.516785207520864,3.516785207520864,3.2594594955444336,3.2594594955444336,399500,0.0,0.0
2017-12-07,3.3023470507619375,3.431010007858276,3.2594594665645356,3.4310100078582764,169000,0.0,0.0
2017-12-08,3.431010038363432,3.431010038363432,3.2594594955444336,3.2594594955444336,241100,0.0,0.0
2017-12-11,3.2594594955444336,3.3023470801231496,3.2165719109657176,3.2594594955444336,124700,0.0,0.0
2017-12-12,3.2165718078613277,3.4310099283854165,3.1736842246573356,3.216571807861328,346400,0.0,0.0
2017-12-13,3.216571912604799,3.3452348709106445,3.1736843280042284,3.3452348709106445,138900,0.0,0.0
2017-12-14,3.302346974269312,3.3881223451814244,3.2165718078613277,3.216571807861328,103000,0.0,0.0
2017-12-15,3.2165717791661788,3.516785063420038,3.173684196344788,3.30234694480896,388900,0.0,0.0
2017-12-18,3.302346949896129,3.3881223201751705,3.216571784121214,3.388122320175171,261800,0.0,0.0
2017-12-19,3.388122453784716,3.602560376678296,3.2165719109657176,3.2594594955444336,701600,0.0,0.0
2017-12-20,3.302346974269312,3.302346974269312,3.1736842246573356,3.216571807861328,247100,0.0,0.0
2017-12-21,3.173684196344788,3.4653199640343697,3.173684196344788,3.30234694480896,312900,0.0,0.0
2017-12-22,3.259459528624768,3.345234903156871,3.173684358596802,3.1736843585968018,244700,0.0,0.0
2017-12-26,3.2165719109657176,3.2594594955444336,3.045021368146719,3.2594594955444336,345000,0.0,0.0
2017-12-27,3.25945939106532,3.3452347619774323,3.1307966414533435,3.216571807861328,367700,0.0,0.0
2017-12-28,3.1736843263870016,3.345234869206,3.1307967418082856,3.2594594955444336,267600,0.0,0.0
2017-12-29,3.216571943610785,3.345234903156871,3.173684358596802,3.1736843585968018,254200,0.0,0.0
2018-01-02,3.2594594955444336,3.345234869206,3.1736843263870016,3.2594594955444336,265500,0.0,0.0
2018-01-03,3.2165719109657176,3.3023470801231496,3.1736843263870016,3.2594594955444336,215300,0.0,0.0
2018-01-04,3.3452347619774323,3.3452347619774323,3.1736842246573356,3.216571807861328,206100,0.0,0.0
2018-01-05,3.25945939106532,3.302346974269312,3.1736842246573356,3.216571807861328,180400,0.0,0.0
2018-01-08,3.388122314955867,3.6883358037138527,3.2165717791661788,3.30234694480896,808100,0.0,0.0
2018-01-09,3.30234695473208,3.602560239888041,3.259459371781818,3.473897695541382,728900,0.0,0.0
2018-01-10,3.4738977965598106,3.5596729649546144,3.388122423660874,3.4310100078582764,304100,0.0,0.0
2018-01-11,3.4310101099816266,3.602560451877397,3.388122524507684,3.5596730709075928,495300,0.0,0.0
2018-01-12,3.5596729331239394,3.5596729331239394,3.388122393364208,3.516785144805908,285900,0.0,0.0
2018-01-16,3.5167851762530797,3.5596729649546144,3.388122423660874,3.4310100078582764,314400,0.0,0.0
2018-01-17,3.431009903062628,3.5167850688375433,3.345234737287713,3.388122320175171,233800,0.0,0.0
2018-01-18,3.345234839463472,3.4738977965598106,3.345234839463472,3.4310100078582764,231800,0.0,0.0
2018-01-19,3.388122455511215,3.4738978292164906,3.259459497205369,3.3452348709106445,339100,0.0,0.0
2018-01-22,3.345234869206,3.431010038363432,3.2165719109657176,3.2594594955444336,320500,0.0,0.0
2018-01-23,3.2165719109657176,3.3023470801231496,3.1736843263870016,3.2594594955444336,170700,0.0,0.0
2018-01-24,3.2165719109657176,3.345234869206,3.1994168771342313,3.2594594955444336,198000,0.0,0.0
2018-01-25,3.25945939106532,3.25945939106532,3.1736842246573356,3.216571807861328,98000,0.0,0.0
2018-01-26,3.216571912604799,3.3452348709106445,3.130796743403658,3.3452348709106445,186300,0.0,0.0
2018-01-29,3.2594594178325775,3.30234700138877,3.0021337119912928,3.0450212955474854,592300,0.0,0.0
2018-01-30,3.045021398228193,3.1736843577395244,3.045021398228193,3.087908983230591,194600,0.0,0.0
2018-01-31,3.087908910579941,3.130796699077435,2.9163585746064915,2.9592461585998535,291600,0.0,0.0
2018-02-01,3.002133742593216,3.087908910579941,2.873470786108997,2.9592461585998535,236600,0.0,0.0
2018-02-02,2.916358710455539,2.9849788480413637,2.830583333969116,2.830583333969116,231500,0.0,0.0
2018-02-05,2.830583333969116,2.9592462964466795,2.830583333969116,2.830583333969116,181400,0.0,0.0
2018-02-06,2.7876955190070793,2.916358470916748,2.7448079365385647,2.916358470916748,351300,0.0,0.0
2018-02-07,2.9163585746064915,3.0450213265865784,2.873470786108997,2.9592461585998535,181600,0.0,0.0
2018-02-08,2.9592461556386676,3.045021323539561,2.830583199283196,2.8734707832336426,221100,0.0,0.0
2018-02-09,2.9163584943601104,2.9163584943601104,2.6161450056589697,2.7448079586029053,266700,0.0,0.0
2018-02-12,2.7019205759956946,2.882048437158485,2.7019205759956946,2.830583333969116,215300,0.0,0.0
2018-02-13,2.7448080618593607,3.087908941776697,2.7448080618593607,2.7876956462860107,232500,0.0,0.0
2018-02-14,2.7876956181222723,2.9849787089958713,2.7019204501355474,2.9592461585998535,154300,0.0,0.0
2018-02-15,3.002133635853778,3.002133635853778,2.916358470916748,2.916358470916748,90400,0.0,0.0
2018-02-16,2.8734707568185853,3.0879088791036775,2.8734707568185853,3.0450212955474854,264500,0.0,0.0
2018-02-20,3.0450212183222924,3.087908800790807,2.916358470916748,2.916358470916748,110900,0.0,0.0
2018-02-21,2.959246228223396,3.1736843577395244,2.959246228223396,3.087908983230591,171800,0.0,0.0
2018-02-22,3.345234732134476,3.7741109693566335,3.2165717791661788,3.30234694480896,986400,0.0,0.0
2018-02-23,3.302346949896129,3.473897690454212,3.216571784121214,3.388122320175171,334900,0.0,0.0
2018-02-26,3.431009908086993,3.516785073987517,3.3709672919566263,3.473897695541382,243300,0.0,0.0
2018-02-27,3.473897690454212,3.5167850688375433,3.345234737287713,3.388122320175171,247100,0.0,0.0
2018-02-28,3.388122314955867,3.5082077513598864,3.3023469448089595,3.30234694480896,299900,0.0,0.0
2018-03-01,3.345234839463472,3.45674276288085,3.2594594665645356,3.4310100078582764,156100,0.0,0.0
2018-03-02,3.388122423660874,3.45674276288085,3.345234839463472,3.4310100078582764,134200,0.0,0.0
2018-03-05,3.3881223201751705,3.5167850688375433,3.345234737287713,3.388122320175171,268100,0.0,0.0
2018-03-06,3.3881223201751705,3.431009903062628,3.345234737287713,3.388122320175171,112700,0.0,0.0
2018-03-07,3.3881223201751705,3.473897690454212,3.3881223201751705,3.388122320175171,140800,0.0,0.0
2018-03-08,3.3881223201751705,3.431009903062628,3.345234737287713,3.388122320175171,118600,0.0,0.0
2018-03-09,3.431010007858276,3.482475108895158,3.388122423660874,3.4310100078582764,303800,0.0,0.0
2018-03-12,3.4738977965598106,3.5167851762530797,3.2766145002434963,3.4310100078582764,223200,0.0,0.0
2018-03-13,3.473897690454212,3.473897690454212,3.302346949896129,3.388122320175171,154800,0.0,0.0
2018-03-14,3.431009908086993,3.516785073987517,3.3452347421864688,3.473897695541382,166300,0.0,0.0
2018-03-15,3.5167850688375433,3.5167850688375433,3.3881223201751705,3.388122320175171,119500,0.0,0.0
2018-03-16,3.345234839463472,3.4738977965598106,3.13079671397233,3.4310100078582764,708300,0.0,0.0
2018-03-19,3.3023470818059395,3.4310100401117856,3.130796743403658,3.3452348709106445,266600,0.0,0.0
2018-03-20,3.345234732134476,3.4310098977772574,3.2594593619875694,3.30234694480896,147100,0.0,0.0
2018-03-21,3.345234737287713,3.3881223201751705,3.216571784121214,3.388122320175171,196000,0.0,0.0
2018-03-22,3.3023469448089595,3.473897685102774,3.3023469448089595,3.30234694480896,176300,0.0,0.0
2018-03-23,3.3023469448089595,3.345234732134476,3.2594593619875694,3.30234694480896,130100,0.0,0.0
2018-03-26,3.345234839463472,3.431010007858276,3.2165718823671337,3.4310100078582764,205100,0.0,0.0
2018-03-27,3.431009903062628,3.473897690454212,3.345234737287713,3.388122320175171,166900,0.0,0.0
2018-03-28,3.388122314955867,3.388122314955867,3.2165717791661788,3.30234694480896,213500,0.0,0.0
2018-03-29,3.302346949896129,3.456742657299229,3.2594593670086716,3.388122320175171,264500,0.0,0.0
2018-04-02,3.388122314955867,3.473897685102774,3.3023469448089595,3.30234694480896,330900,0.0,0.0
2018-04-03,3.345234869206,3.388122453784716,3.2165719109657176,3.2594594955444336,178900,0.0,0.0
2018-04-04,3.2594593670086716,3.473897690454212,3.1736842012337565,3.388122320175171,326200,0.0,0.0
2018-04-05,3.388122455511215,3.4310100401117856,3.3452348709106445,3.3452348709106445,258900,0.0,0.0
2018-04-06,3.345234737287713,3.473897690454212,3.345234737287713,3.388122320175171,161600,0.0,0.0
2018-04-09,3.431010007858276,3.431010007858276,3.388122423660874,3.4310100078582764,168800,0.0,0.0
2018-04-10,3.431009977178108,3.6025603124337087,3.388122393364208,3.516785144805908,916900,0.0,0.0
2018-04-11,4.374537808560833,4.374537808560833,3.859886373849254,3.9456615447998047,4896000,0.0,0.0
2018-04-12,4.0314367156251,4.0314367156251,3.4310101099816266,3.5596730709075928,1444500,0.0,0.0
2018-04-13,3.602560261201385,3.645448048909505,3.0879088537452235,3.216571807861328,1091600,0.0,0.0
2018-04-16,3.2594594839874325,3.2594594839874325,2.7448080618593607,2.7876956462860107,1371600,0.0,0.0
2018-04-17,2.8734707832336426,2.9592461556386676,2.830583199283196,2.8734707832336426,615600,0.0,0.0
2018-04-18,2.916358604070096,2.916358604070096,2.70192047743271,2.7876956462860107,425400,0.0,0.0
2018-04-19,2.787695747977976,2.873470919960257,2.7019205759956946,2.830583333969116,440600,0.0,0.0
2018-04-20,2.8305832641376463,2.9163586385079605,2.701920509338379,2.701920509338379,379500,0.0,0.0
2018-04-23,2.7448081288994266,2.7448081288994266,2.4874824115503857,2.530369997024536,725500,0.0,0.0
2018-04-24,2.5732575068075123,2.5732575068075123,2.230156424098191,2.315931797027588,1360200,0.0,0.0
2018-04-25,2.315931797027588,2.35881938124022,2.144381255672927,2.315931797027588,482600,0.0,0.0
2018-04-26,2.31593171500307,2.31593171500307,2.1014935970306396,2.1014935970306396,490000,0.0,0.0
2018-04-27,2.144381318712977,2.144381318712977,2.015718357788543,2.0586061477661133,626400,0.0,0.0
2018-04-30,2.0586060549021847,2.0586060549021847,1.887055516242981,1.887055516242981,386500,0.0,0.0
2018-05-01,1.9299430997817495,1.9299430997817495,1.8012801446613143,1.887055516242981,519300,0.0,0.0
2018-05-02,1.887055601449352,2.015718357875177,1.844168015974077,1.9728307723999023,421300,0.0,0.0
2018-05-03,2.0157182216644287,2.1443811739000838,1.9299430565100755,2.0157182216644287,435300,0.0,0.0
2018-05-04,2.058606084998296,2.230156421661377,1.972830712162623,2.230156421661377,402800,0.0,0.0
2018-05-07,2.2730441027544352,2.3159316848904554,2.144381151842251,2.1872687339782715,398300,0.0,0.0
2018-05-08,2.144381255672927,2.701920463949541,2.144381255672927,2.315931797027588,1274200,0.0,0.0
2018-05-09,2.358819450706999,2.487482411638127,2.358819450706999,2.444594621658325,400200,0.0,0.0
2018-05-10,2.444594621658325,2.487482411638127,2.358819450706999,2.444594621658325,287900,0.0,0.0
2018-05-11,2.530370027526991,3.00213388243782,2.273044307076006,2.830583333969116,1882100,0.0,0.0
2018-05-14,2.873470919960257,3.087909054420101,2.830583333969116,2.830583333969116,883800,0.0,0.0
2018-05-15,2.8734708479768813,2.9592462223145435,2.616145133972168,2.616145133972168,529200,0.0,0.0
2018-05-16,2.659032583236694,2.744807953198471,2.6161450005078684,2.6590325832366943,367300,0.0,0.0
2018-05-17,2.7019205759956946,2.916358710455539,2.6590327855004126,2.830583333969116,424500,0.0,0.0
2018-05-18,2.9163586385079605,3.0021338083741385,2.701920509338379,2.701920509338379,598100,0.0,0.0
2018-05-21,2.787695541416175,2.9163584943601104,2.7019203757896353,2.7448079586029053,428400,0.0,0.0
2018-05-22,2.7448079586029053,2.8734707070427143,2.7448079586029053,2.7448079586029053,235900,0.0,0.0
2018-05-23,2.787695747977976,2.830583333969116,2.744808161986835,2.830583333969116,272900,0.0,0.0
2018-05-24,2.916358488617899,2.916358488617899,2.6161450005078684,2.6590325832366943,679700,0.0,0.0
2018-05-25,2.659032718888931,2.744808093226593,2.5732575490554055,2.616145133972168,252000,0.0,0.0
2018-05-29,2.6161451349680647,2.701920509338379,2.6161451349680647,2.701920509338379,197900,0.0,0.0
2018-05-30,2.7876956781433555,2.7876956781433555,2.5732575490554055,2.616145133972168,499800,0.0,0.0
2018-05-31,2.7019203757896353,2.7448079586029053,2.6161450056589697,2.7448079586029053,245000,0.0,0.0
2018-06-01,2.8305832021156347,3.002133742593216,2.7876956181222723,2.9592461585998535,574700,0.0,0.0
2018-06-04,3.0879090172322448,3.0879090172322448,2.873470885354891,3.002133846282959,362300,0.0,0.0
2018-06-05,3.0021338132257944,3.0879089832305913,2.916358643220998,3.087908983230591,329200,0.0,0.0
2018-06-06,3.0879090172322448,3.0879090172322448,3.002133846282959,3.002133846282959,215200,0.0,0.0
2018-06-07,3.045021323539561,3.045021323539561,2.830583199283196,2.8734707832336426,165800,0.0,0.0
2018-06-08,2.916358571688221,2.9592461556386676,2.787695615332749,2.8734707832336426,152300,0.0,0.0
2018-06-11,2.9163585746064915,2.9849787089958713,2.8305832021156347,2.9592461585998535,192400,0.0,0.0
2018-06-12,2.959246158599854,3.002133742593216,2.9163585746064915,2.9592461585998535,236600,0.0,0.0
2018-06-13,3.002133635853778,3.0450212183222924,2.916358470916748,2.916358470916748,254700,0.0,0.0
2018-06-14,3.002133742593216,3.002133742593216,2.9163585746064915,2.9592461585998535,170500,0.0,0.0
2018-06-15,3.045021431757602,3.0879090172322448,2.873470885354891,3.002133846282959,810100,0.0,0.0
2018-06-18,3.002133635853778,3.002133635853778,2.873470683944109,2.916358470916748,260700,0.0,0.0
2018-06-19,2.959246053385263,3.002133635853778,2.873470683944109,2.916358470916748,209800,0.0,0.0
2018-06-20,3.0879088791036775,3.0879088791036775,2.9163585448789076,3.0450212955474854,283400,0.0,0.0
2018-06-21,3.087908800790807,3.087908800790807,2.873470683944109,2.916358470916748,249400,0.0,0.0
2018-06-22,2.959246158599854,3.0450213265865784,2.873470786108997,2.9592461585998535,829500,0.0,0.0
2018-06-25,3.0450213573500466,3.0450213573500466,2.7448080618593607,2.7876956462860107,341000,0.0,0.0
2018-06-26,2.7448080618593607,2.787695646286011,2.70192047743271,2.7876956462860107,149200,0.0,0.0
2018-06-27,2.787695541416175,2.9163584943601104,2.7448079586029053,2.7448079586029053,149900,0.0,0.0
2018-06-28,2.744808161986835,2.830583333969116,2.744808161986835,2.830583333969116,135100,0.0,0.0
2018-06-29,2.830583101475594,2.916358470916748,2.7876955190070793,2.916358470916748,154400,0.0,0.0
2018-07-02,2.8734707568185853,3.0450212955474854,2.8734707568185853,3.0450212955474854,283100,0.0,0.0
2018-07-03,3.002133846282959,3.045021431757602,2.9592462608083157,3.002133846282959,138600,0.0,0.0
2018-07-05,3.045021431757602,3.0879090172322448,2.9163586753336728,3.002133846282959,229300,0.0,0.0
2018-07-06,3.002133846282959,3.045021431757602,2.9163586753336728,3.002133846282959,199000,0.0,0.0
2018-07-09,3.002133742593216,3.0278662929892337,2.959246158599854,2.9592461585998535,159300,0.0,0.0
2018-07-10,3.002133742593216,3.0450213265865784,2.959246158599854,2.9592461585998535,113900,0.0,0.0
2018-07-11,3.002133846282959,3.002133846282959,2.9163586753336728,3.002133846282959,126000,0.0,0.0
2018-07-12,2.9592462608083157,3.0879090172322448,2.9163586753336728,3.002133846282959,256600,0.0,0.0
2018-07-13,3.002133742593216,3.0793313937812687,2.873470786108997,2.9592461585998535,217400,0.0,0.0
2018-07-16,2.9592462608083157,3.002133846282959,2.9163586753336728,3.002133846282959,108500,0.0,0.0
2018-07-17,2.9592461556386676,3.0021337395891146,2.8734707832336426,2.8734707832336426,254000,0.0,0.0
2018-07-18,2.873470919960257,2.916358710455539,2.787695747977976,2.830583333969116,225900,0.0,0.0
2018-07-19,2.8305832307126613,2.916358604070096,2.787695646286011,2.7876956462860107,235100,0.0,0.0
2018-07-20,2.787695615332749,2.916358571688221,2.787695615332749,2.8734707832336426,107100,0.0,0.0
2018-07-23,2.8734707832336426,2.916358571688221,2.787695615332749,2.8734707832336426,169200,0.0,0.0
2018-07-24,2.916358710455539,2.916358710455539,2.787695747977976,2.830583333969116,118500,0.0,0.0
2018-07-25,2.830583124229445,2.8820482236053686,2.7448079586029053,2.7448079586029053,133800,0.0,0.0
2018-07-26,2.7448079586029053,2.787695541416175,2.7019203757896353,2.7448079586029053,146000,0.0,0.0
2018-07-27,2.744807953198471,2.744807953198471,2.659032583236694,2.6590325832366943,185000,0.0,0.0
2018-07-30,2.616145029493054,2.7019204004051667,2.573257446289062,2.5732574462890625,211400,0.0,0.0
2018-07-31,2.573257476765288,2.6161450604772165,2.4874823093414307,2.4874823093414307,188200,0.0,0.0
2018-08-01,2.530369997024536,2.5732575824986865,2.444594621572097,2.530369997024536,134400,0.0,0.0
2018-08-02,2.530369997024536,2.6590327534469873,2.530369997024536,2.530369997024536,199100,0.0,0.0
2018-08-03,2.5303698894309457,2.701920428537204,2.4017069339752197,2.4017069339752197,360700,0.0,0.0
2018-08-06,2.4445945211253712,2.4874823093414307,2.4445945211253712,2.4874823093414307,145000,0.0,0.0
2018-08-07,2.4874823093414307,2.530369893053359,2.4445945211253712,2.4874823093414307,227400,0.0,0.0
2018-08-08,2.6161450604772165,2.6590326441891454,2.4874823093414307,2.4874823093414307,188300,0.0,0.0
2018-08-09,2.487482279881078,2.616145029493054,2.487482279881078,2.5732574462890625,158900,0.0,0.0
2018-08-10,2.53036986308507,2.6590326126970463,2.53036986308507,2.5732574462890625,173500,0.0,0.0
2018-08-13,2.573257446289062,2.616145029493054,2.53036986308507,2.5732574462890625,130400,0.0,0.0
2018-08-14,2.5732575490554055,2.659032718888931,2.5732575490554055,2.616145133972168,146500,0.0,0.0
2018-08-15,2.573257446289062,2.6590326126970463,2.573257446289062,2.5732574462890625,268100,0.0,0.0
2018-08-16,2.5303699651018867,2.744808094271468,2.5303699651018867,2.701920509338379,136700,0.0,0.0
2018-08-17,2.70192050830983,2.7876956781433555,2.616145133972168,2.616145133972168,176600,0.0,0.0
2018-08-20,2.5732575824986865,2.701920543425276,2.530369997024536,2.530369997024536,297900,0.0,0.0
2018-08-21,2.530369997024536,2.5732575824986865,2.530369997024536,2.530369997024536,100100,0.0,0.0
2018-08-22,2.53036986308507,2.573257446289062,2.487482279881078,2.5732574462890625,132000,0.0,0.0
2018-08-23,2.53036986308507,2.616145029493054,2.53036986308507,2.5732574462890625,127600,0.0,0.0
2018-08-24,2.530369997024536,2.5989901337831767,2.530369997024536,2.530369997024536,151500,0.0,0.0
2018-08-27,2.5732575824986865,2.616145167972837,2.496059928645216,2.530369997024536,230000,0.0,0.0
2018-08-28,2.5732575824986865,2.616145167972837,2.530369997024536,2.530369997024536,85100,0.0,0.0
2018-08-29,2.5732575824986865,2.5732575824986865,2.530369997024536,2.530369997024536,153400,0.0,0.0
2018-08-30,2.530369997024536,2.5732575824986865,2.4874824115503857,2.530369997024536,183500,0.0,0.0
2018-08-31,3.045021323539561,3.130796695944586,2.7448080313823024,2.8734707832336426,3574400,0.0,0.0
2018-09-04,2.916358571688221,2.916358571688221,2.7019204474318554,2.8734707832336426,577800,0.0,0.0
2018-09-05,2.8734708479768813,2.8734708479768813,2.5732575490554055,2.616145133972168,404800,0.0,0.0
2018-09-06,2.616145199509272,2.916358710455539,2.5732576135181313,2.830583333969116,884900,0.0,0.0
2018-09-07,2.9163585746064915,3.0450213265865784,2.873470786108997,2.9592461585998535,1097000,0.0,0.0
2018-09-10,3.002133742593216,3.0450213265865784,2.7876956181222723,2.9592461585998535,1342500,0.0,0.0
2018-09-11,2.9592462608083157,3.002133846282959,2.873470885354891,3.002133846282959,1321400,0.0,0.0
2018-09-12,3.0021336605551,3.456742651974218,2.9592460777337095,3.30234694480896,799600,0.0,0.0
2018-09-13,3.388122399306256,3.7741110633165618,3.3452348154171405,3.68833589553833,887700,0.0,0.0
2018-09-14,3.6883359974333016,4.245874807898658,3.602560418277148,3.6454482078552246,1527300,0.0,0.0
2018-09-17,3.6883359974333016,3.774111167581182,3.431010077981388,3.6454482078552246,430700,0.0,0.0
2018-09-18,3.6454480697063296,3.816998403500971,3.60256028175354,3.60256028175354,336800,0.0,0.0
2018-09-19,3.64544802734243,3.64544802734243,3.473897695541382,3.473897695541382,309500,0.0,0.0
2018-09-20,3.431009977178108,3.6025603124337087,3.388122393364208,3.516785144805908,263700,0.0,0.0
2018-09-21,3.5167852481292683,3.816998548150985,3.431010077981388,3.6454482078552246,1064400,0.0,0.0
2018-09-24,3.7312232366036504,3.7998433701215073,3.60256028175354,3.60256028175354,320400,0.0,0.0
2018-09-25,3.602560386221737,3.8598863033839765,3.602560386221737,3.7312233448028564,665900,0.0,0.0
2018-09-26,3.731223244443064,3.902773987606397,3.7054908988239323,3.774111032485962,432300,0.0,0.0
2018-09-27,3.774111202898704,4.074324505729768,3.774111202898704,3.9456615447998047,625500,0.0,0.0
2018-09-28,4.117212190112991,4.288762527614255,3.945661443603461,3.98854923248291,1880900,0.0,0.0
2018-10-01,4.031436715716428,4.117212295674534,3.645448241938062,3.679758310317993,590400,0.0,0.0
2018-10-02,3.6454481371042786,3.6454481371042786,3.3623898766057394,3.5510952472686768,533000,0.0,0.0
2018-10-03,3.51678514938116,3.714068239685892,3.4824750822854034,3.6368703842163086,366800,0.0,0.0
2018-10-04,3.602560417047428,3.6454482066108653,3.4567428323499434,3.525362968444824,193700,0.0,0.0
2018-10-05,3.5082077675675594,3.628293000022238,3.4567426679441255,3.5682501792907715,249300,0.0,0.0
2018-10-08,3.533940179197905,3.6454481016455156,3.4824750786086067,3.542517900466919,197200,0.0,0.0
2018-10-09,3.4996302129051067,3.6282931725871452,3.4481651108339464,3.525362968444824,299500,0.0,0.0
2018-10-10,3.4824750434650538,3.7054908861097,3.431009943395118,3.5082077980041504,424500,0.0,0.0
2018-10-11,3.431010075423777,3.516785245507717,3.3023471157937307,3.379544973373413,484900,0.0,0.0
2018-10-12,3.431009972398835,3.5253628611621166,3.3195020501338903,3.396699905395508,395500,0.0,0.0
2018-10-15,3.3023471490983507,3.491052934194415,3.2937696320034515,3.4138550758361816,290800,0.0,0.0
2018-10-16,3.396699972431329,3.4310100401117856,3.259459497205369,3.3452348709106445,305900,0.0,0.0
2018-10-17,3.3280797362912424,3.3881223529138618,3.190839265221127,3.3623898029327393,261000,0.0,0.0
2018-10-18,3.3109245987260536,3.379544938591101,3.268037014125483,3.3452348709106445,224000,0.0,0.0
2018-10-19,3.259459529981732,3.4052775235941173,3.216571944949894,3.293769598007202,197400,0.0,0.0
2018-10-22,3.276614563994467,3.3623899385622793,3.259459529981732,3.293769598007202,160900,0.0,0.0
2018-10-23,3.216571771574696,3.3195019701031065,3.147951639222423,3.1822617053985596,299300,0.0,0.0
2018-10-24,3.1736843578979563,3.250882010906127,3.113641738891601,3.1136417388916016,169200,0.0,0.0
2018-10-25,3.1136417729751624,3.199416943923181,3.0021338462385994,3.14795184135437,179900,0.0,0.0
2018-10-26,2.993556127738598,3.113641563490665,2.8820482085042407,3.0364437103271484,248900,0.0,0.0
2018-10-29,3.045021361000387,3.045021361000387,2.8648933016883866,2.933513641357422,335700,0.0,0.0
2018-10-30,2.907781025511652,3.0364437760627068,2.8992035088082484,2.984978675842285,217000,0.0,0.0
2018-10-31,3.0450214684289607,3.0450214684289607,2.736230644788607,2.830583333969116,491200,0.0,0.0
2018-11-01,2.8134282333804443,3.0192888457987275,2.7619631314019077,2.9678237438201904,485400,0.0,0.0
2018-11-02,2.9678236774769764,3.207994352512136,2.9420911270629375,3.0192887783050537,386200,0.0,0.0
2018-11-05,3.002133634113356,3.1136415529709747,2.8391606163233556,2.8906257152557373,259500,0.0,0.0
2018-11-06,2.9077810548981318,2.967823672428757,2.787695615332749,2.8734707832336426,265900,0.0,0.0
2018-11-07,2.882048200437812,3.087908800790807,2.7619629695259706,2.916358470916748,253000,0.0,0.0
2018-11-08,2.9678237445359503,3.0278663635253906,2.847738302052934,3.0278663635253906,235300,0.0,0.0
2018-11-09,3.002133635853778,3.0450212183222924,2.864893167450406,2.916358470916748,255900,0.0,0.0
2018-11-12,2.8048507485566607,2.9849788120518084,2.7019205434189413,2.942091226577759,423900,0.0,0.0
2018-11-13,2.9163585422150557,3.0707538428763215,2.873470754193908,2.984978675842285,322100,0.0,0.0
2018-11-14,2.9592460516697043,3.062176249534468,2.779118000902243,2.8906257152557373,373800,0.0,0.0
2018-11-15,2.873470781012659,2.9764011869183054,2.7448080292607657,2.8134281635284424,284500,0.0,0.0
2018-11-16,2.787695646286011,2.8648932982539814,2.761963095630021,2.7876956462860107,220000,0.0,0.0
2018-11-19,2.787695566813151,2.813428116735546,2.5389473797258684,2.5732574462890625,404800,0.0,0.0
2018-11-20,2.573257617473403,2.616145203530465,2.444594654798076,2.5046374797821045,334600,0.0,0.0
2018-11-21,2.5646800320720526,2.6333001679388732,2.4703273452551744,2.616145133972168,226300,0.0,0.0
2018-11-23,2.6676102706251323,2.7791181973655448,2.5732575825790547,2.6504552364349365,193700,0.0,0.0
2018-11-26,2.6504552364349365,2.736230611890055,2.6418777193398384,2.6504552364349365,175700,0.0,0.0
2018-11-27,2.641877654731266,2.813428196942001,2.616145104075276,2.7876956462860107,175700,0.0,0.0
2018-11-28,2.6676101086172164,2.8820482274756594,2.6676101086172164,2.8048505783081055,293600,0.0,0.0
2018-11-29,2.779118197316455,2.8906259195507586,2.7448081289366693,2.7962732315063477,158500,0.0,0.0
2018-11-30,2.8305831580055476,2.8305831580055476,2.6418775868712943,2.7190754413604736,229600,0.0,0.0
2018-12-03,2.7876955173909734,2.8992034362485923,2.7619629679247826,2.8906257152557373,194400,0.0,0.0
2018-12-04,2.8992035702994357,2.8992035702994357,2.7276530280887004,2.7876956462860107,190400,0.0,0.0
2018-12-06,2.7448080950653813,2.82200574796727,2.6161451357247634,2.761963129043579,242700,0.0,0.0
2018-12-07,2.710497927670316,2.8220056444377724,2.701920410995896,2.779118061065674,150800,0.0,0.0
2018-12-10,2.7619630277168343,2.813428127763353,2.676187656468508,2.779118061065674,248200,0.0,0.0
2018-12-11,2.7619631963832916,2.8391608511673443,2.6933430587974665,2.830583333969116,164100,0.0,0.0
2018-12-12,2.8305831280306237,2.899203465128131,2.7876955451597603,2.8048505783081055,191200,0.0,0.0
2018-12-13,2.804850714765831,2.8734708506976245,2.7276530618425636,2.8220057487487793,92200,0.0,0.0
2018-12-14,2.7791180193815315,2.8648931848391825,2.6418775501451637,2.6590325832366943,142300,0.0,0.0
2018-12-17,2.659032717138161,2.804850710263281,2.4789048606063577,2.4960598945617676,429200,0.0,0.0
2018-12-18,2.470327341582916,2.5561025112889326,2.3502418994903564,2.3502418994903564,329700,0.0,0.0
2018-12-19,2.358819416460958,2.5217924434065258,2.3245093485785513,2.3502418994903564,203600,0.0,0.0
2018-12-20,2.341664249847151,2.5303698170129576,2.3159317003932856,2.393129348754883,327800,0.0,0.0
2018-12-21,2.384551851652899,2.401706884761586,2.1186486339641224,2.16153621673584,677200,0.0,0.0
2018-12-24,2.1100711257714413,2.444594477220596,2.1100711257714413,2.307354211807251,188600,0.0,0.0
2018-12-26,2.2987768683580203,2.3330869372955196,2.0671836985257572,2.092916250228882,540900,0.0,0.0
2018-12-27,2.084338665008545,2.1872688684637147,2.0071408079130317,2.084338665008545,434900,0.0,0.0
2018-12-28,2.0929160486402996,2.2473113439877723,2.0242957128706336,2.1272261142730713,506100,0.0,0.0
2018-12-31,2.1358038016182905,2.1786913870917224,2.0242958748832294,2.0586061477661133,653100,0.0,0.0
2019-01-02,2.0500285326479415,2.2301563830234215,2.007140744721079,2.135803699493408,293400,0.0,0.0
2019-01-03,2.1100712503342316,2.187268904186409,2.015718357788543,2.0586061477661133,245300,0.0,0.0
2019-01-04,2.118648637611707,2.3330867563436106,2.084338571335262,2.22157883644104,346600,0.0,0.0
2019-01-07,2.2387339743683987,2.358819416460958,2.1872688725447884,2.3502418994903564,279700,0.0,0.0
2019-01-08,2.393129393088481,3.997126436956283,2.204423822426835,3.8856189250946045,7381300,0.0,0.0
2019-01-09,3.645448035719586,3.645448035719586,2.8820482394341393,3.010711193084717,5111100,0.0,0.0
2019-01-10,3.0192887562922923,3.473897757138282,2.9163585553865716,3.310924530029297,2112400,0.0,0.0
2019-01-11,3.2680368799894843,3.499630031830999,3.0879088275562783,3.3280797004699707,1290400,0.0,0.0
2019-01-14,3.2937695644923655,3.5082078964778707,3.2165719122205605,3.319502115249634,798800,0.0,0.0
2019-01-15,3.7741109424497927,5.523925945120545,3.525362759355007,5.429573059082031,17907100,0.0,0.0
2019-01-16,4.897766736969298,5.232290092614581,4.331650226029857,4.391692638397217,4736500,0.0,0.0
2019-01-17,4.348805371620153,4.983542032503109,4.348805371620153,4.932076930999756,2017100,0.0,0.0
2019-01-18,4.872033928646181,5.095049769289012,4.588975676298167,4.734793663024902,1438900,0.0,0.0
2019-01-22,4.803413788557851,4.846301576003648,4.468890437108697,4.614708423614502,1221500,0.0,0.0
2019-01-23,4.606130656118763,4.829146494176986,4.4002702600726336,4.434580326080322,849900,0.0,0.0
2019-01-24,4.408847743608665,4.580398489330006,4.37453767626605,4.511778354644775,721100,0.0,0.0
2019-01-25,4.580398487995176,4.588975800324197,4.3831153963285,4.460312843322754,495500,0.0,0.0
2019-01-28,4.4345805642297025,4.554665801705524,4.31449532675388,4.408847808837891,464900,0.0,0.0
2019-01-29,4.408847984364932,4.468890809997431,4.082902326811006,4.1944098472595215,1052200,0.0,0.0
2019-01-30,4.194409712047218,4.400270529716528,4.082902195193293,4.3488054275512695,657700,0.0,0.0
2019-01-31,4.408847533665359,4.7862586654705845,4.288762303684502,4.374537467956543,903400,0.0,0.0
2019-02-01,4.374537739014386,4.47746794251866,4.220142433757974,4.28876256942749,304400,0.0,0.0
2019-02-04,4.297340024615829,4.486045386014319,4.254452237975685,4.374537467956543,326600,0.0,0.0
2019-02-05,4.374537918204767,4.434580743879211,4.040014538608949,4.074324607849121,848100,0.0,0.0
2019-02-06,4.0571692716747005,4.211564571779843,3.988549138294637,4.151522159576416,401500,0.0,0.0
2019-02-07,4.1515222608057405,4.185832328332378,3.9542391680234443,4.1086344718933105,333700,0.0,0.0
2019-02-08,4.125789573591616,4.151522329164441,4.005704335271071,4.057169437408447,309000,0.0,0.0
2019-02-11,4.048591851414848,4.134367433523565,3.9971267475545904,4.074324607849121,325600,0.0,0.0
2019-02-12,4.108634235467388,4.211564432124317,4.0057040388104594,4.134366989135742,377100,0.0,0.0
2019-02-13,4.125789574668044,4.280184881120455,4.022859370366437,4.177254676818848,331900,0.0,0.0
2019-02-14,4.151522102384809,4.357382499689054,4.134367069276122,4.32307243347168,529000,0.0,0.0
2019-02-15,4.374537843708093,4.408847912363977,4.211564813088501,4.245874881744385,394400,0.0,0.0
2019-02-19,4.254452569212785,4.391692842733108,4.177254710853465,4.357382774353027,456700,0.0,0.0
2019-02-20,4.357382806268839,4.760526726200046,4.357382806268839,4.657596111297607,1815500,0.0,0.0
2019-02-21,4.597553732829319,4.803414146280282,4.340227807007329,4.4260029792785645,1011700,0.0,0.0
2019-02-22,4.4603126900220635,4.777681415453216,4.434580344911153,4.7262163162231445,572300,0.0,0.0
2019-02-25,4.820568971744445,5.146515021252415,4.726216490840768,4.872034072875977,913200,0.0,0.0
2019-02-26,4.8720338533497465,4.889188886287278,4.520355473626221,4.666173458099365,673100,0.0,0.0
2019-02-27,4.537510649595126,4.940654549847394,4.528933337360111,4.92349910736084,454600,0.0,0.0
2019-02-28,4.897766868908546,5.35237547054335,4.846301767346583,5.223712921142578,709100,0.0,0.0
2019-03-01,5.2580230917343025,5.2580230917343025,4.914921998932822,5.060739994049072,1468600,0.0,0.0
2019-03-04,4.932076930999756,5.146515058434527,4.760526592655245,4.932076930999756,489900,0.0,0.0
2019-03-05,4.940654687257306,5.026429857034355,4.8891891763828035,4.992119789123535,319700,0.0,0.0
2019-03-06,5.017852105886458,5.258022988850554,4.872034113623429,5.223712921142578,539300,0.0,0.0
2019-03-07,5.146515100069951,5.6611665282752925,5.017852140766548,5.403841018676758,941000,0.0,0.0
2019-03-08,5.420996019794359,5.515348501571165,5.258022993532233,5.463883399963379,666800,0.0,0.0
2019-03-11,5.489616164434876,6.038577658175883,5.489616164434876,5.995689868927002,791000,0.0,0.0
2019-03-12,5.9442248682293926,5.9528025898282175,4.709061179569724,4.940654754638672,1761400,0.0,0.0
2019-03-13,4.914921754504231,5.146514909051205,4.726216387802653,4.794836521148682,716200,0.0,0.0
2019-03-14,4.7776813951654535,4.837723806174783,4.434580326080322,4.434580326080322,911700,0.0,0.0
2019-03-15,4.391692522090609,4.71763855691196,4.391692522090609,4.666173458099365,1092700,0.0,0.0
2019-03-18,4.640440973836505,4.666173729242209,4.426002845152625,4.5803985595703125,489700,0.0,0.0
2019-03-19,4.580398410954537,5.137937200236082,4.494622835057445,5.035006999969482,904900,0.0,0.0
2019-03-20,4.974964481253064,5.1036270243305095,4.837723808157805,4.9578094482421875,437700,0.0,0.0
2019-03-21,4.897766679198887,5.309487884755285,4.897766679198887,5.258022785186768,339100,0.0,0.0
2019-03-22,5.232290300417275,5.532503601201952,4.957809755246496,5.000697135925293,811400,0.0,0.0
2019-03-25,5.017852170961253,5.21513526734474,4.957809756197761,5.172247886657715,337700,0.0,0.0
2019-03-26,5.180824959141318,5.275177846694229,5.095049792733334,5.146514892578125,258500,0.0,0.0
2019-03-27,5.129359821849362,5.189402642400733,4.932076736047145,5.086472034454346,356700,0.0,0.0
2019-03-28,5.112204996587525,5.223712921142578,4.974964725755624,5.223712921142578,327200,0.0,0.0
2019-03-29,5.2580227290195065,5.472460846101787,5.060739644943478,5.429573059082031,630800,0.0,0.0
2019-04-01,5.515348251530112,5.532503284621642,5.2151349679242065,5.318065166473389,232800,0.0,0.0
2019-04-02,5.3437979581729635,5.378108024597168,5.2322900377901735,5.378108024597168,246000,0.0,0.0
2019-04-03,5.463883197540147,5.549658363708701,5.3180652105494755,5.498193264007568,345100,0.0,0.0
2019-04-04,5.4553060211406885,5.558236223103579,5.3523754101695316,5.515348434448242,266000,0.0,0.0
2019-04-05,5.566813334722264,5.618278842856423,5.4209957583696475,5.601123809814453,339700,0.0,0.0
2019-04-08,5.592546390253417,5.592546390253417,5.146515098110811,5.232290267944336,474000,0.0,0.0
2019-04-09,5.163669834844138,5.36095291860929,5.163669834844138,5.309487819671631,243000,0.0,0.0
2019-04-10,5.360952935139163,5.566813331524546,5.335220181086864,5.549658298492432,271000,0.0,0.0
2019-04-11,5.532503638843932,5.7898295607006025,5.506771292063231,5.592546463012695,393200,0.0,0.0
2019-04-12,5.59254608783181,5.695476286066004,5.069316966628946,5.077894687652588,488800,0.0,0.0
2019-04-15,5.086472408426361,5.403841158665178,5.077895095721681,5.129360198974609,356500,0.0,0.0
2019-04-16,5.120782341010395,5.275178055669379,4.974964756844415,5.1122050285339355,386500,0.0,0.0
2019-04-17,5.18082506214692,5.240867884330414,5.035007071850054,5.155092716217041,274100,0.0,0.0
2019-04-18,5.112204896396994,5.249445164539218,5.077894829361438,5.215135097503662,241900,0.0,0.0
2019-04-22,5.232290101787563,5.412418157221951,5.215135068365634,5.326642990112305,294900,0.0,0.0
2019-04-23,5.3180655400811165,5.48961629205655,5.300910505784401,5.481038570404053,342100,0.0,0.0
2019-04-24,5.3609532292395325,5.695476596221764,5.343798195266297,5.403841018676758,376900,0.0,0.0
2019-04-25,5.40384101661966,5.47246115248648,5.163670132077516,5.232290267944336,344100,0.0,0.0
2019-04-26,5.197980301326414,5.309488228787569,5.189402988680014,5.240868091583252,214500,0.0,0.0
2019-04-29,5.189402891008169,5.541081292065355,5.155092823051774,5.523926258087158,294600,0.0,0.0
2019-04-30,5.549658672951529,5.64401156549868,5.420996121033379,5.472461223602295,263800,0.0,0.0
2019-05-01,5.55823601113305,5.6011237981528055,5.395262993069526,5.429573059082031,244600,0.0,0.0
2019-05-02,5.403841020239775,5.635434183449578,5.403841020239775,5.523926258087158,250000,0.0,0.0
2019-05-03,5.575391462314091,5.652589321136474,5.463883534905822,5.652589321136475,378900,0.0,0.0
2019-05-06,5.489616162449367,5.9184924187499695,5.489616162449367,5.875604629516602,344600,0.0,0.0
2019-05-07,5.832717314000245,5.832717314000245,5.3437982291504635,5.412418365478516,487700,0.0,0.0
2019-05-08,5.403840827671807,5.71263142827549,5.3609530397505,5.678321361541748,305500,0.0,0.0
2019-05-09,5.661166357442827,5.712631457809512,5.498193335110858,5.5668134689331055,247700,0.0,0.0
2019-05-10,5.481038602271301,5.686899424037058,5.455306255180758,5.661166667938232,199400,0.0,0.0
2019-05-13,5.523926151905278,5.635434075124273,5.275177959498758,5.395263195037842,364400,0.0,0.0
2019-05-14,5.47246095538715,5.601123910007575,5.300910212890497,5.558236122131348,297100,0.0,0.0
2019-05-15,5.506771292141456,5.832717350762329,5.463883502161976,5.712631702423096,422100,0.0,0.0
2019-05-16,5.729786736613232,5.875604731733532,5.652589287261756,5.712631702423096,292300,0.0,0.0
2019-05-17,5.64401125099824,5.781251516867928,5.455305885427419,5.498193264007568,302000,0.0,0.0
2019-05-20,5.446728261117145,5.481038328194398,5.309487992808134,5.386685848236084,295400,0.0,0.0
2019-05-21,5.360953262385323,5.455306154325622,5.240868023830209,5.292333126068115,302800,0.0,0.0
2019-05-22,5.215135232301077,5.292333089630569,5.077894960611555,5.1122050285339355,284200,0.0,0.0
2019-05-23,5.112204953831393,5.112204953831393,4.69190601441148,4.872034072875977,602400,0.0,0.0
2019-05-24,4.932076864673367,5.095049888413131,4.8034139081411045,4.983541965484619,335500,0.0,0.0
2019-05-28,5.060740026917778,5.360953331690808,4.949232099456623,5.240868091583252,452000,0.0,0.0
2019-05-29,5.266600020488684,5.292332774401879,5.0435845922767415,5.137937068939209,294900,0.0,0.0
2019-05-30,5.146515198423176,5.352375610036128,5.095050095519937,5.240868091583252,333400,0.0,0.0
2019-05-31,5.146514819808718,5.172247573871391,4.9921195224574255,5.077894687652588,300600,0.0,0.0
2019-06-03,5.000696826265253,5.07789467931832,4.854878841168682,4.9578094482421875,337800,0.0,0.0
2019-06-04,5.0178518857076115,5.686898994672477,4.889188932944185,5.36953067779541,765800,0.0,0.0
2019-06-05,5.360953262385323,5.43815112024632,5.180825200048514,5.292333126068115,337800,0.0,0.0
2019-06-06,5.369530913405607,5.395263259682454,5.035007139740446,5.223712921142578,284200,0.0,0.0
2019-06-07,5.249445164539218,5.31806529861033,5.155092684695569,5.215135097503662,242700,0.0,0.0
2019-06-10,5.206557621796312,5.386685672582244,5.146514801864918,5.309487819671631,234500,0.0,0.0
2019-06-11,5.258022988850554,5.395263259682454,5.180825132003475,5.223712921142578,241700,0.0,0.0
2019-06-12,5.206557719933654,5.326642953051654,5.1636699321730966,5.266600131988525,181400,0.0,0.0
2019-06-13,5.309488160986438,5.472461189269699,5.249445337195255,5.412418365478516,316100,0.0,0.0
2019-06-14,5.481038185347051,5.489615906396942,5.318065166473388,5.318065166473389,176500,0.0,0.0
2019-06-17,5.19798017048568,5.7040542831413195,5.19798017048568,5.463883399963379,445300,0.0,0.0
2019-06-18,5.5153485365939225,5.678321563890936,5.46388343465933,5.523926258087158,317500,0.0,0.0
2019-06-19,5.523926394127151,5.575391497329195,5.378108397217216,5.541081428527832,290100,0.0,0.0
2019-06-20,5.541081123253893,5.618278978308052,5.438150922520522,5.5668134689331055,190500,0.0,0.0
2019-06-21,5.489615944979958,5.549658356718188,5.369530712495244,5.378108024597168,301200,0.0,0.0
2019-06-24,5.403840696652054,5.463883107476206,5.1894025802612305,5.1894025802612305,252000,0.0,0.0
2019-06-25,5.232290371256588,5.343798298746046,5.026429959591386,5.06931734085083,275400,0.0,0.0
2019-06-26,5.095049994572745,5.2237129537858085,5.043584892689175,5.1122050285339355,183000,0.0,0.0
2019-06-27,5.137937143851971,5.309487884755285,5.026429632624309,5.258022785186768,266100,0.0,0.0
2019-06-28,5.223712789580728,5.832717089571609,5.18940272273687,5.326642990112305,1617900,0.0,0.0
2019-07-01,5.352375507354736,5.49819350062064,5.326643160900914,5.352375507354736,247400,0.0,0.0
2019-07-02,5.378108331147855,5.446728467907592,5.12936013088967,5.180825233459473,270500,0.0,0.0
2019-07-03,5.180825267025334,5.28375547283181,5.146515198423176,5.240868091583252,111800,0.0,0.0
2019-07-05,5.232290302286421,5.318065472682931,5.163670165969212,5.292333126068115,146600,0.0,0.0
2019-07-08,5.446728265706569,5.8069843793295375,5.395263165047326,5.506771087646484,1210200,0.0,0.0
2019-07-09,5.58396918334543,5.781251873188255,5.4295734657177865,5.772674560546875,431200,0.0,0.0
2019-07-10,5.875604629516601,5.9184924187499695,5.704054290599668,5.875604629516602,507000,0.0,0.0
2019-07-11,5.867027114814198,5.944224560161368,5.772674227158484,5.909914493560791,432100,0.0,0.0
2019-07-12,5.918492488588018,6.158662965905728,5.789829528377963,6.1157755851745605,765500,0.0,0.0
2019-07-15,6.158662902722653,6.458876609802246,6.098620488513351,6.458876609802246,702800,0.0,0.0
2019-07-16,6.553228820430977,6.707624528307725,6.398833521562484,6.544651508331299,855000,0.0,0.0
2019-07-17,6.596116590437816,6.604693902514717,6.235860485026422,6.253015518188477,473200,0.0,0.0
2019-07-18,6.2187057213760255,6.347368680171666,6.1243528303914525,6.167240619659424,412700,0.0,0.0
2019-07-19,6.012845039367676,6.124352550147036,5.884182086459527,6.012845039367676,485100,0.0,0.0
2019-07-22,6.1243527641797835,6.244438409228522,5.9442247056149435,6.218705654144287,376200,0.0,0.0
2019-07-23,6.235860858633129,6.244438580232196,5.8670274190470595,6.004267692565918,363000,0.0,0.0
2019-07-24,5.9442248029440945,6.244438511473293,5.927069768943135,6.175817966461182,305200,0.0,0.0
2019-07-25,6.1758178619274,6.210127929348576,6.064310347312711,6.098620414733887,145500,0.0,0.0
2019-07-26,6.1672404228902735,6.3559457898304,6.0643102227411125,6.321635723114014,242900,0.0,0.0
2019-07-29,6.3387908935546875,6.415988749840165,6.098620421346061,6.3387908935546875,242000,0.0,0.0
2019-07-30,6.210127837656579,6.493186503214343,6.201550525432061,6.381678581237793,338800,0.0,0.0
2019-07-31,6.424565990467958,6.536073912966783,6.244438342826814,6.27017068862915,357000,0.0,0.0
2019-08-01,6.3473686667510565,7.265164001277258,5.19798017048568,5.463883399963379,4812800,0.0,0.0
2019-08-02,5.360953086908906,5.403840875207482,4.97496462825477,5.215135097503662,1207100,0.0,0.0
2019-08-05,5.060739957775885,5.129360094042687,4.717638867433604,4.760526657104492,1041800,0.0,0.0
2019-08-06,4.846301544563117,5.060739662384421,4.511778195284193,4.674750804901123,959000,0.0,0.0
2019-08-07,4.554665737968305,4.786258897220651,4.426002780826276,4.631863594055176,712900,0.0,0.0
2019-08-08,4.580398592849439,4.6747510756699135,4.271607570778799,4.46889066696167,866000,0.0,0.0
2019-08-09,4.477468048977572,4.494623083302839,4.297340393066406,4.297340393066406,641600,0.0,0.0
2019-08-12,4.245874523999738,4.2973400316555175,3.962816276934189,4.0228590965271,723400,0.0,0.0
2019-08-13,4.022859243170733,4.331650255320404,3.9285063543733942,4.280184745788574,489800,0.0,0.0
2019-08-14,4.125789675312998,4.348805532415028,4.117212362582765,4.185832500457764,547000,0.0,0.0
2019-08-15,4.202987466659732,4.271607603420173,3.7312234129192903,3.9456615447998047,621300,0.0,0.0
2019-08-16,3.979971548007674,4.254452499563064,3.979971548007674,4.16867733001709,368400,0.0,0.0
2019-08-19,4.228719566974624,4.280184666545368,4.065746547163137,4.091479301452637,270700,0.0,0.0
2019-08-20,4.074324343694301,4.331650255320404,4.057169310186445,4.280184745788574,306300,0.0,0.0
2019-08-21,4.314495095053413,4.460312671081963,4.271607308039679,4.434580326080322,375900,0.0,0.0
2019-08-22,4.486045491133826,4.537510590903009,4.314495158569882,4.383115291595459,297100,0.0,0.0
2019-08-23,4.383115282062111,4.468890448157521,4.202987228757623,4.211564540863037,308700,0.0,0.0
2019-08-26,4.263029815970256,4.417425530304585,4.160099612419552,4.408847808837891,182100,0.0,0.0
2019-08-27,4.426002632123803,4.511778206675491,4.1600994144350265,4.32307243347168,285200,0.0,0.0
2019-08-28,4.271607270830094,4.443157599374175,4.220142172266869,4.374537467956543,191400,0.0,0.0
2019-08-29,4.460312878634964,4.597553558060226,4.426002811030716,4.520355701446533,304100,0.0,0.0
2019-08-30,4.520355666976297,4.563243455658697,4.400270431277145,4.511778354644775,151500,0.0,0.0
2019-09-03,4.426002945133617,4.537510872730123,4.323072739202203,4.417425632476807,149600,0.0,0.0
2019-09-04,4.44315804644681,4.537510941144011,4.383115629919009,4.486045837402344,159200,0.0,0.0
2019-09-05,4.53751063978566,4.7605264835295955,4.348805271932396,4.683328628540039,268600,0.0,0.0
2019-09-06,4.691906110748561,4.777681690070577,4.571820872309322,4.58897590637207,144400,0.0,0.0
2019-09-09,4.554665673226866,4.700483661981245,4.503200572903249,4.683328628540039,165500,0.0,0.0
2019-09-10,4.606130654926479,4.966386756922203,4.571820588927672,4.906343936920166,290900,0.0,0.0
2019-09-11,4.940654565651223,5.360953091717945,4.803413888377626,5.3352203369140625,479800,0.0,0.0
2019-09-12,5.258022856424587,5.438150911858974,5.180825001521775,5.326642990112305,277400,0.0,0.0
2019-09-13,5.369530983929112,5.446728432781833,5.240868023830209,5.292333126068115,229900,0.0,0.0
2019-09-16,5.22371272568825,5.42099581213155,5.172247626051943,5.378108024597168,220900,0.0,0.0
2019-09-17,5.360952984323803,5.395263050702815,5.2408677519972615,5.258022785186768,184800,0.0,0.0
2019-09-18,5.309488018821113,5.335220364750993,5.077894860410872,5.155092716217041,217700,0.0,0.0
2019-09-19,5.172247713354879,5.31806529361489,5.095049858093262,5.095049858093262,139100,0.0,0.0
2019-09-20,5.017852204070783,5.189402954975662,4.949232067312143,5.060739994049072,494900,0.0,0.0
2019-09-23,5.00927478775892,5.172247813690339,4.8720341080750424,4.932076930999756,210200,0.0,0.0
2019-09-24,4.906344206275153,5.0092748189306455,4.666173731098306,4.700483798980713,215400,0.0,0.0
2019-09-25,4.674750912494714,4.846301656105101,4.631863533348312,4.8034138679504395,214400,0.0,0.0
2019-09-26,4.811991516940998,4.837723862240861,4.683328563416923,4.734793663024902,190200,0.0,0.0
2019-09-27,4.7433716569567475,4.7433716569567475,4.503200769297251,4.528933525085449,200800,0.0,0.0
2019-09-30,4.511778358259805,4.700483728795387,4.374537679771118,4.631863594055176,440600,0.0,0.0
2019-10-01,4.700483831262581,4.751948933439642,4.3573827410739,4.46889066696167,325600,0.0,0.0
2019-10-02,4.923499128825198,5.532503433471976,4.674750937801389,5.506771087646484,2174300,0.0,0.0
2019-10-03,5.515348254651824,5.635433895368757,5.155092559525784,5.36953067779541,1047900,0.0,0.0
2019-10-04,5.36953076434832,5.601123919452299,4.897766732947349,5.035006999969482,1062700,0.0,0.0
2019-10-07,5.017852137243254,5.197980198339887,4.949232001398493,5.1122050285339355,365600,0.0,0.0
2019-10-08,5.026429559337362,5.266600020488684,4.992119493458602,5.137937068939209,622100,0.0,0.0
2019-10-09,5.232290096303699,5.300910229919497,5.146514929283952,5.206557750701904,254200,0.0,0.0
2019-10-10,5.1979800294958,5.309487951125601,5.155092650490056,5.206557750701904,223800,0.0,0.0
2019-10-11,5.266600024036318,5.386685663701118,5.137937072400175,5.1894025802612305,394000,0.0,0.0
2019-10-14,5.197980267649407,5.360953296957921,5.086472340910696,5.180825233459473,249500,0.0,0.0
2019-10-15,5.1465150642954995,5.309488090412517,5.120782309010384,5.223712921142578,251300,0.0,0.0
2019-10-16,5.146515165079604,5.258023091818315,5.146515165079604,5.180825233459473,159200,0.0,0.0
2019-10-17,5.2580228198413685,5.27517785314394,5.1636699321730966,5.266600131988525,218400,0.0,0.0
2019-10-18,5.163669925859721,5.258022813412632,5.06073972617014,5.146514892578125,262300,0.0,0.0
2019-10-21,5.189402741746635,5.309487976140035,4.966386897436345,4.974964618682861,279200,0.0,0.0
2019-10-22,4.906344277251649,5.0350072381760835,4.477468013509053,4.528933525085449,476000,0.0,0.0
2019-10-23,4.5203556705981995,4.872034065645915,4.503200636913147,4.631863594055176,194900,0.0,0.0
2019-10-24,4.631863367028079,4.7862586626259915,4.580398268495442,4.777681350708008,220200,0.0,0.0
2019-10-25,4.7691040711049695,4.92349938099031,4.717638967809855,4.837724208831787,217200,0.0,0.0
2019-10-28,4.829146634313344,5.12935992509659,4.829146634313344,5.095049858093262,263100,0.0,0.0
2019-10-29,5.043584925612365,5.103627340364334,4.949232033705772,5.000697135925293,107400,0.0,0.0
2019-10-30,4.974964623581616,5.095049858093262,4.880611734818334,5.095049858093262,118000,0.0,0.0
2019-10-31,5.146514780851752,5.189402567628815,4.957809418850816,5.017851829528809,251000,0.0,0.0
2019-11-01,5.043584826857878,5.189402818128844,5.000697038010558,5.163670063018799,289000,0.0,0.0
2019-11-04,5.172247886572516,5.249445335411201,5.095050028725557,5.120782375335693,208300,0.0,0.0
2019-11-05,5.120782477261646,5.24086812719343,5.017852270755789,5.129360198974609,161100,0.0,0.0
2019-11-06,5.112204724034263,5.189402576765597,5.103627003060448,5.137937068939209,150900,0.0,0.0
2019-11-07,5.189402746856543,5.215135092604908,4.992119657083279,5.095049858093262,183000,0.0,0.0
2019-11-08,5.026429992468752,5.189403023940501,4.966387167502861,5.129360198974609,181700,0.0,0.0
2019-11-11,5.103626994074689,5.146514780851752,4.966386730801281,5.017851829528809,192600,0.0,0.0
2019-11-12,5.009274790306353,5.1550927824774755,4.96638700119428,5.052162170410156,330700,0.0,0.0
2019-11-13,5.0264298241495275,5.095049959522228,4.949231967351105,5.052162170410156,111200,0.0,0.0
2019-11-14,4.992119823392843,5.095050027831886,4.992119823392843,5.000697135925293,119500,0.0,0.0
2019-11-15,4.966386787365476,5.035006919783722,4.829146522528983,4.846301555633545,249900,0.0,0.0
2019-11-18,4.734793705799723,4.940654515099673,4.709060951259134,4.914921760559082,195500,0.0,0.0
2019-11-19,5.009274756155955,5.095049924787064,4.880611798705159,5.043584823608398,168400,0.0,0.0
2019-11-20,4.966386730801281,5.13793705989304,4.940654385941641,5.017851829528809,246000,0.0,0.0
2019-11-21,5.026429857034355,5.137937373240383,4.966387033686284,4.992119789123535,188700,0.0,0.0
2019-11-22,5.009274839817949,5.035007186332915,2.4445945963602647,3.293769598007202,4023700,0.0,0.0
2019-11-25,3.2680370807298846,3.482475212607239,2.907781158238744,3.002133846282959,1375800,0.0,0.0
2019-11-26,3.036443846960463,3.139374254308753,2.9163586103089485,3.0535988807678223,544000,0.0,0.0
2019-11-27,3.105063833778213,3.105063833778213,2.830583101475594,2.916358470916748,586000,0.0,0.0
2019-11-29,2.890625887045391,3.0707539485178477,2.8648933360499167,3.0278663635253906,246200,0.0,0.0
2019-12-02,3.0107111523474805,3.0793312842971043,2.8906257169315146,2.916358470916748,342200,0.0,0.0
2019-12-03,2.8477381424334,3.036443710327149,2.83058310939798,3.0364437103271484,465900,0.0,0.0
2019-12-04,3.0364438812277132,3.165106840739045,3.010711330226274,3.087908983230591,330100,0.0,0.0
2019-12-05,3.079331469071351,3.405277524398595,3.0621764350545626,3.379544973373413,444500,0.0,0.0
2019-12-06,3.345234732134476,3.499630030291482,3.2766143951161255,3.30234694480896,352400,0.0,0.0
2019-12-09,3.2766143951161255,3.345234732134476,3.225149295730457,3.30234694480896,221400,0.0,0.0
2019-12-10,3.2937695632074067,3.3623899030374864,3.233726944797204,3.2594594955444336,169500,0.0,0.0
2019-12-11,3.2165718762584743,3.250881943551237,3.1651067753193307,3.225149393081665,200900,0.0,0.0
2019-12-12,3.207994298541875,3.40527738623461,3.1822617485607525,3.3623898029327393,272300,0.0,0.0
2019-12-13,3.336657388331443,3.456742830953096,3.310924632802125,3.379544973373413,192700,0.0,0.0
2019-12-16,3.3623899043492154,3.4653201073782887,3.3023470814114546,3.319502115249634,189400,0.0,0.0
2019-12-17,3.276614460530657,3.3280797654479084,3.2337268768530563,3.2508819103240967,181000,0.0,0.0
2019-12-18,3.1994167460376226,3.4395876188456618,3.1994167460376226,3.30234694480896,477100,0.0,0.0
2019-12-19,3.268037080718753,3.4310101100259804,3.268037080718753,3.4138550758361816,161800,0.0,0.0
2019-12-20,3.370967355143012,3.439587693653798,3.3366572881396848,3.396699905395508,329100,0.0,0.0
2019-12-23,3.396699869574236,3.4310099362157325,3.31950201512674,3.3623898029327393,240300,0.0,0.0
2019-12-24,3.3109245999554218,3.422432524462443,3.3109245999554218,3.4052774906158447,115000,0.0,0.0
2019-12-26,3.4224324845191822,3.4395877226696956,3.1994168426120932,3.225149393081665,489400,0.0,0.0
2019-12-27,3.2079942626019005,3.379544798391589,3.1908392294733443,3.30234694480896,259200,0.0,0.0
2019-12-30,3.2680368995394047,3.2766144161587683,3.0450212629318263,3.070753812789917,590000,0.0,0.0
2019-12-31,3.087908952725435,3.388122453784716,3.0621764019782054,3.2594594955444336,505700,0.0,0.0
2020-01-02,3.2508820465341355,3.345234939082318,3.1565293584900918,3.2079944610595703,228700,0.0,0.0
2020-01-03,3.1393742574533343,3.2680370111374044,3.130796740541063,3.1994168758392334,194300,0.0,0.0
2020-01-06,3.182261779784542,3.353812319179378,3.173684263040007,3.3366572856903076,194400,0.0,0.0
2020-01-07,3.3195020844408982,3.5596729649546144,3.3195020844408982,3.4310100078582764,316300,0.0,0.0
2020-01-08,3.405277525774646,3.5510953149762674,3.3709674577272053,3.525362968444824,291700,0.0,0.0
2020-01-09,3.4824750423431396,3.60256027580097,3.465320008992021,3.4824750423431396,266300,0.0,0.0
2020-01-10,3.448165144295602,3.5596730710360145,3.4052775588201123,3.533940315246582,309500,0.0,0.0
2020-01-13,3.5339401423964953,3.6282930303317764,3.3709673255608688,3.4824750423431396,329600,0.0,0.0
2020-01-14,3.465320008992021,3.551095175747614,3.431009942289784,3.4824750423431396,183400,0.0,0.0
2020-01-15,3.4138550757093116,3.4738978998755146,3.379545007330989,3.4395878314971924,217200,0.0,0.0
2020-01-16,3.465319973053577,3.5425178268371296,3.4395876277978954,3.448164939880371,241800,0.0,0.0
2020-01-17,3.465320178405578,3.482475212595377,3.353812456171886,3.4138550758361816,233500,0.0,0.0
2020-01-21,3.379544865861029,3.41385493280311,3.1565292262333746,3.2508819103240967,487100,0.0,0.0
2020-01-22,3.2594595293158477,3.3366573868615217,3.087908984719406,3.233726978302002,403400,0.0,0.0
2020-01-23,3.2165719781544833,3.310924666198527,3.1565293584900918,3.2079944610595703,267600,0.0,0.0
2020-01-24,3.2165717791661788,3.3366572155701983,3.173684196344788,3.30234694480896,312100,0.0,0.0
2020-01-27,3.2423044953066174,3.3538124208707525,3.2165719442927716,3.233726978302002,181100,0.0,0.0
2020-01-28,3.242304463365141,3.3623899047508727,3.242304463365141,3.3452348709106445,162900,0.0,0.0
2020-01-29,3.319501979397793,3.3709672833102275,3.30234694626169,3.3280797004699707,120100,0.0,0.0
2020-01-30,3.319502183247663,3.370967490320571,3.293769631963279,3.3538124561309814,132100,0.0,0.0
2020-01-31,3.636870444341269,3.636870444341269,3.2594594955444336,3.2594594955444336,333200,0.0,0.0
2020-02-03,3.2937694651456173,3.3795448362534874,3.2937694651456173,3.3623898029327393,167300,0.0,0.0
2020-02-04,3.40527738623461,3.4310099362157325,3.3366572529516167,3.3623898029327393,216800,0.0,0.0
2020-02-05,3.3795449483803246,4.040014366654635,3.328079846710566,3.9027740955352783,718300,0.0,0.0
2020-02-06,3.525363002564589,3.8856191295576785,3.525363002564589,3.8255763053894043,237700,0.0,0.0
2020-02-07,3.85130847141444,3.859886192610873,3.628293037414551,3.628293037414551,201700,0.0,0.0
2020-02-10,3.6626031792308607,4.2716074903753505,3.6626031792308607,3.8684639930725098,898100,0.0,0.0
2020-02-11,4.117212122071699,4.288762456737912,4.014281512263711,4.040014266967773,756300,0.0,0.0
2020-02-12,4.057169171333791,4.2029871556642195,3.962816285765587,4.1429443359375,456700,0.0,0.0
2020-02-13,4.142944569994152,4.160099603884072,3.8341535509673292,3.9027740955352783,270200,0.0,0.0
2020-02-14,3.8856190957802355,4.057169436186489,3.8598863402151604,3.911351442337036,280000,0.0,0.0
2020-02-18,3.997126514367584,4.160099538254915,3.919929067584937,4.100057125091553,357600,0.0,0.0
2020-02-19,4.100057125091553,4.288762494903678,4.082902091472269,4.100057125091553,401600,0.0,0.0
2020-02-20,4.125789374767627,4.228719574082119,4.065746553996713,4.211564540863037,267200,0.0,0.0
2020-02-21,4.1944095443217675,4.2887624323559095,4.091479344107207,4.271607398986816,440300,0.0,0.0
2020-02-24,4.271607299424201,5.052161913037169,4.151522068639495,4.786258697509766,2011000,0.0,0.0
2020-02-25,4.974964823276254,5.146515165178906,4.69190614562446,4.88918924331665,1098400,0.0,0.0
2020-02-26,4.932077067132474,5.155092922144179,4.837724173934578,4.94923210144043,681200,0.0,0.0
2020-02-27,4.897766597728047,4.906343909675996,4.546088218688965,4.546088218688965,735600,0.0,0.0
2020-02-28,4.417425504599382,4.829146725414647,4.288762546405562,4.8119916915893555,561700,0.0,0.0
2020-03-02,4.889189139299033,4.889189139299033,4.640440944328172,4.8119916915893555,470600,0.0,0.0
2020-03-03,4.846301719622468,5.017852056472996,4.571820771653358,4.631863594055176,461900,0.0,0.0
2020-03-04,4.7176386724420825,4.914921760559082,4.649018539011519,4.914921760559082,280600,0.0,0.0
2020-03-05,4.846301894880194,5.1293601654239875,4.751949001696169,5.06931734085083,323400,0.0,0.0
2020-03-06,5.000697066337559,5.1808251261034295,4.743371558820795,4.932076930999756,535400,0.0,0.0
2020-03-09,4.683328832789804,4.837724140494158,4.288762637425954,4.528933525085449,546900,0.0,0.0
2020-03-10,4.597553696506852,4.717638936737861,4.417425631656198,4.537510871887207,371300,0.0,0.0
2020-03-11,4.451735768241232,4.62328611404679,4.3488055607578975,4.486045837402344,436500,0.0,0.0
2020-03-12,4.117212083400175,5.189402687513944,4.014281474558978,4.62328577041626,1505700,0.0,0.0
2020-03-13,4.83772414065251,6.278748648640097,4.760526691301945,5.180825233459473,2926500,0.0,0.0
2020-03-16,4.889189170389143,5.146515088413107,4.4860456684270895,4.5803985595703125,998100,0.0,0.0
2020-03-17,4.880611730012488,5.086472131829745,4.426002729153652,4.974964618682861,848500,0.0,0.0
2020-03-18,4.717638543950374,5.043584577876198,4.426002575805349,4.494622707366943,768300,0.0,0.0
2020-03-19,4.460313010839639,4.854879208991793,4.30591770204421,4.829146862030029,694400,0.0,0.0
2020-03-20,4.820569216227324,4.9320771455050805,4.417425699080121,4.486045837402344,677800,0.0,0.0
2020-03-23,4.5117785266363875,4.640441079571752,4.125789640805452,4.297340393066406,804800,0.0,0.0
2020-03-24,4.580398422550838,4.649018556235631,4.202987278276212,4.563243389129639,611100,0.0,0.0
2020-03-25,4.537510802157219,4.691906108652996,4.340227706019589,4.3488054275512695,428000,0.0,0.0
2020-03-26,4.374537840584532,4.70048390159098,4.374537840584532,4.657596111297607,555100,0.0,0.0
2020-03-27,4.546088559357736,4.717638901254593,4.4603129794010306,4.64901876449585,276200,0.0,0.0
2020-03-30,4.674751111357206,4.811991793885346,4.5203558036473614,4.76910400390625,305200,0.0,0.0
2020-03-31,4.683328663062098,4.88061175359432,4.580398461656138,4.691905975341797,440000,0.0,0.0
2020-04-01,4.528933560961655,4.623286045246485,4.245874881082323,4.297340393066406,453800,0.0,0.0
2020-04-02,4.297340459628015,4.400270667173907,4.168677495691506,4.365960597991943,354000,0.0,0.0
2020-04-03,4.314495427391673,4.383115564692742,4.177254743781254,4.297340393066406,249600,0.0,0.0
2020-04-06,4.4345803342427805,4.580398319547979,4.357382481079264,4.554665565490723,350300,0.0,0.0
2020-04-07,4.631863656783343,4.631863656783343,4.263029814047286,4.28876256942749,388200,0.0,0.0
2020-04-08,4.331650128057257,4.46889039208801,4.263029587033632,4.434580326080322,292900,0.0,0.0
2020-04-09,4.468890600040161,4.5460884566538535,4.340227642020095,4.520355701446533,360600,0.0,0.0
2020-04-13,4.494622880447713,4.614708524313057,4.357382612039618,4.5718207359313965,265400,0.0,0.0
2020-04-14,4.606130672639626,4.717638592068685,4.5632432944803165,4.674750804901123,276300,0.0,0.0
2020-04-15,4.63186345679117,4.674750835228714,4.434580370755361,4.614708423614502,241800,0.0,0.0
2020-04-16,4.683328729892215,4.709061076106769,4.503200670357263,4.640440940856934,342700,0.0,0.0
2020-04-17,4.691905981176037,4.96638692760817,4.623285846820069,4.863456726074219,696600,0.0,0.0
2020-04-20,4.717638573926727,5.095049708921854,4.700483540927323,4.906343936920166,594400,0.0,0.0
2020-04-21,4.760526424188918,4.974964544035117,4.760526424188918,4.854878902435303,414700,0.0,0.0
2020-04-22,4.872034110552683,5.052162170410156,4.811991696605705,5.052162170410156,389600,0.0,0.0
2020-04-23,5.035007273757268,5.095050098348519,4.803414106059984,4.829146862030029,536000,0.0,0.0
2020-04-24,4.846301661212654,5.000696962517287,4.709060984378053,4.92349910736084,658900,0.0,0.0
2020-04-27,4.872034144069001,5.172247851902237,4.872034144069001,5.1122050285339355,532700,0.0,0.0
2020-04-28,5.155092779855887,5.232290227606782,4.9063441757439445,4.932076930999756,370800,0.0,0.0
2020-04-29,5.103627098331887,5.146514885985065,4.957809520129245,5.026429653167725,392300,0.0,0.0
2020-04-30,4.949232067405207,5.0006971699751555,4.76910400390625,4.76910400390625,414200,0.0,0.0
2020-05-01,4.760526545995543,4.760526545995543,3.9027740446636083,4.460312843322754,1657100,0.0,0.0
2020-05-04,4.477467749192904,4.74337137694364,4.34880520487202,4.614708423614502,432500,0.0,0.0
2020-05-05,4.683328799300204,4.829146793371294,4.631863697100103,4.760526657104492,366600,0.0,0.0
2020-05-06,4.760526691315397,4.949232067405207,4.691906145547189,4.76910400390625,320500,0.0,0.0
2020-05-07,4.794836622214968,4.8720340693523,4.717638766069369,4.751948833465576,178200,0.0,0.0
2020-05-08,4.889189272579814,5.738364492601189,4.889189272579814,5.652589321136475,1975000,0.0,0.0
2020-05-11,5.824139299640749,6.132930306600484,5.789829233201695,6.021422386169434,967800,0.0,0.0
2020-05-12,5.909914630304243,6.244438400912453,5.858449529212581,5.927069664001465,875700,0.0,0.0
2020-05-13,5.961379766921929,6.218705682922009,5.789829428927387,5.987112522125244,823100,0.0,0.0
2020-05-14,6.038577522059821,6.090042622593436,5.764096576872279,6.03000020980835,927000,0.0,0.0
2020-05-15,5.989999771118164,6.159999847412109,5.760000228881836,5.829999923706055,1215500,1.0,0.0
2020-05-18,6.0,6.480000019073486,6.0,6.400000095367432,1125100,0.0,0.0
2020-05-19,6.25,6.349999904632568,5.849999904632568,6.0,1226000,0.0,0.0
2020-05-20,6.110000133514404,6.46999979019165,6.110000133514404,6.449999809265137,664400,0.0,0.0
2020-05-21,6.510000228881836,7.090000152587891,6.46999979019165,6.809999942779541,1358500,0.0,0.0
2020-05-22,6.679999828338623,7.190000057220459,6.679999828338623,7.190000057220459,849700,0.0,0.0
2020-05-26,7.5,7.789999961853027,7.199999809265137,7.300000190734863,1361700,0.0,0.0
2020-05-27,7.300000190734863,7.559999942779541,7.239999771118164,7.539999961853027,1073600,0.0,0.0
2020-05-28,7.5,7.579999923706055,6.300000190734863,6.449999809265137,1599900,0.0,0.0
2020-05-29,6.440000057220459,6.880000114440918,6.320000171661377,6.650000095367432,1548300,0.0,0.0
2020-06-01,6.389999866485596,7.0,6.349999904632568,6.71999979019165,827000,0.0,0.0
2020-06-02,6.760000228881836,6.849999904632568,6.570000171661377,6.630000114440918,850600,0.0,0.0
2020-06-03,6.739999771118164,7.0,6.599999904632568,6.920000076293945,588000,0.0,0.0
2020-06-04,6.900000095367432,6.920000076293945,6.519999980926514,6.579999923706055,560200,0.0,0.0
2020-06-05,6.650000095367432,6.820000171661377,6.550000190734863,6.659999847412109,480900,0.0,0.0
2020-06-08,6.699999809265137,6.760000228881836,6.489999771118164,6.650000095367432,473700,0.0,0.0
2020-06-09,6.639999866485596,6.820000171661377,6.539999961853027,6.630000114440918,493900,0.0,0.0
2020-06-10,6.670000076293945,6.670000076293945,6.449999809265137,6.460000038146973,298400,0.0,0.0
2020-06-11,6.130000114440918,6.260000228881836,6.019999980926514,6.110000133514404,930300,0.0,0.0
2020-06-12,6.28000020980835,6.420000076293945,5.889999866485596,6.039999961853027,400700,0.0,0.0
2020-06-15,5.889999866485596,6.260000228881836,5.869999885559082,6.199999809265137,343700,0.0,0.0
2020-06-16,6.440000057220459,6.489999771118164,6.099999904632568,6.210000038146973,327100,0.0,0.0
2020-06-17,6.260000228881836,6.400000095367432,6.110000133514404,6.159999847412109,247300,0.0,0.0
2020-06-18,6.130000114440918,6.489999771118164,6.03000020980835,6.449999809265137,405700,0.0,0.0
2020-06-19,6.409999847412109,6.489999771118164,6.21999979019165,6.409999847412109,1062100,0.0,0.0
2020-06-22,6.460000038146973,6.739999771118164,6.429999828338623,6.739999771118164,340300,0.0,0.0
2020-06-23,6.789999961853027,6.840000152587891,6.489999771118164,6.53000020980835,340100,0.0,0.0
2020-06-24,6.449999809265137,6.5,6.320000171661377,6.449999809265137,322000,0.0,0.0
2020-06-25,6.449999809265137,6.53000020980835,6.360000133514404,6.489999771118164,255800,0.0,0.0
2020-06-26,6.429999828338623,6.5,6.269999980926514,6.369999885559082,978800,0.0,0.0
2020-06-29,6.400000095367432,6.440000057220459,6.239999771118164,6.349999904632568,325900,0.0,0.0
2020-06-30,6.309999942779541,6.519999980926514,6.300000190734863,6.5,814900,0.0,0.0
2020-07-01,6.5,7.239999771118164,6.440000057220459,6.960000038146973,1022100,0.0,0.0
2020-07-02,7.159999847412109,7.25,6.760000228881836,6.869999885559082,495600,0.0,0.0
2020-07-06,7.090000152587891,7.400000095367432,6.909999847412109,6.960000038146973,627500,0.0,0.0
2020-07-07,6.920000076293945,7.039999961853027,6.670000076293945,6.829999923706055,437700,0.0,0.0
2020-07-08,6.900000095367432,7.050000190734863,6.78000020980835,7.0,365400,0.0,0.0
2020-07-09,7.079999923706055,7.179999828338623,6.78000020980835,6.829999923706055,300300,0.0,0.0
2020-07-10,6.78000020980835,6.880000114440918,6.630000114440918,6.690000057220459,368500,0.0,0.0
2020-07-13,6.71999979019165,6.880000114440918,6.260000228881836,6.289999961853027,472500,0.0,0.0
2020-07-14,6.309999942779541,6.53000020980835,4.099999904632568,5.519999980926514,3699200,0.0,0.0
2020-07-15,5.019999980926514,5.670000076293945,5.0,5.650000095367432,1362500,0.0,0.0
2020-07-16,5.599999904632568,5.599999904632568,5.019999980926514,5.139999866485596,792700,0.0,0.0
2020-07-17,5.150000095367432,5.28000020980835,5.050000190734863,5.150000095367432,672100,0.0,0.0
2020-07-20,5.090000152587891,5.420000076293945,5.090000152587891,5.369999885559082,581100,0.0,0.0
2020-07-21,5.460000038146973,5.480000019073486,5.179999828338623,5.320000171661377,503000,0.0,0.0
2020-07-22,5.329999923706055,5.380000114440918,5.139999866485596,5.190000057220459,309800,0.0,0.0
2020-07-23,5.159999847412109,5.340000152587891,5.090000152587891,5.130000114440918,346400,0.0,0.0
2020-07-24,5.099999904632568,5.139999866485596,4.929999828338623,5.0,438600,0.0,0.0
2020-07-27,4.989999771118164,5.21999979019165,4.989999771118164,5.150000095367432,272000,0.0,0.0
2020-07-28,5.099999904632568,5.179999828338623,5.0,5.070000171661377,201900,0.0,0.0
2020-07-29,5.099999904632568,5.150000095367432,4.929999828338623,4.960000038146973,359900,0.0,0.0
2020-07-30,4.909999847412109,5.130000114440918,4.869999885559082,5.090000152587891,283300,0.0,0.0
2020-07-31,5.099999904632568,5.199999809265137,5.03000020980835,5.170000076293945,454000,0.0,0.0
2020-08-03,5.190000057220459,5.400000095367432,5.079999923706055,5.289999961853027,600400,0.0,0.0
2020-08-04,5.230000019073486,5.340000152587891,5.179999828338623,5.289999961853027,373400,0.0,0.0
2020-08-05,5.340000152587891,5.570000171661377,5.28000020980835,5.46999979019165,418900,0.0,0.0
2020-08-06,5.440000057220459,5.489999771118164,5.289999961853027,5.360000133514404,272300,0.0,0.0
2020-08-07,5.349999904632568,5.380000114440918,5.21999979019165,5.260000228881836,304600,0.0,0.0
2020-08-10,5.230000019073486,5.460000038146973,4.900000095367432,4.940000057220459,1027500,0.0,0.0
2020-08-11,5.349999904632568,5.349999904632568,4.710000038146973,4.809999942779541,963200,0.0,0.0
2020-08-12,4.849999904632568,5.019999980926514,4.800000190734863,4.980000019073486,324900,0.0,0.0
2020-08-13,4.940000057220459,5.059999942779541,4.880000114440918,4.929999828338623,304200,0.0,0.0
2020-08-14,4.889999866485596,4.989999771118164,4.869999885559082,4.929999828338623,185700,0.0,0.0
2020-08-17,4.929999828338623,5.0,4.829999923706055,4.96999979019165,335800,0.0,0.0
2020-08-18,4.980000019073486,5.070000171661377,4.909999847412109,5.019999980926514,233600,0.0,0.0
2020-08-19,5.039999961853027,5.21999979019165,5.0,5.050000190734863,440600,0.0,0.0
2020-08-20,4.989999771118164,5.079999923706055,4.940000057220459,4.980000019073486,261500,0.0,0.0
2020-08-21,4.960000038146973,5.0,4.860000133514404,4.929999828338623,589100,0.0,0.0
2020-08-24,4.920000076293945,5.0,4.789999961853027,4.800000190734863,300600,0.0,0.0
2020-08-25,4.800000190734863,4.940000057220459,4.800000190734863,4.840000152587891,205700,0.0,0.0
2020-08-26,4.78000020980835,5.139999866485596,4.769999980926514,5.110000133514404,483900,0.0,0.0
2020-08-27,5.130000114440918,5.130000114440918,4.96999979019165,4.989999771118164,259300,0.0,0.0
2020-08-28,4.949999809265137,5.110000133514404,4.940000057220459,4.940000057220459,326600,0.0,0.0
2020-08-31,4.929999828338623,5.03000020980835,4.769999980926514,4.96999979019165,413100,0.0,0.0
2020-09-01,4.96999979019165,5.199999809265137,4.900000095367432,5.139999866485596,616100,0.0,0.0
2020-09-02,5.690000057220459,6.590000152587891,5.199999809265137,5.510000228881836,5714700,0.0,0.0
2020-09-03,5.449999809265137,5.900000095367432,4.949999809265137,5.730000019073486,3134900,0.0,0.0
2020-09-04,5.900000095367432,5.900000095367432,5.349999904632568,5.5,1111800,0.0,0.0
2020-09-08,5.369999885559082,5.380000114440918,4.940000057220459,5.0,1748900,0.0,0.0
2020-09-09,5.010000228881836,5.179999828338623,4.949999809265137,5.050000190734863,928300,0.0,0.0
2020-09-10,5.130000114440918,5.289999961853027,5.039999961853027,5.25,1224600,0.0,0.0
2020-09-11,5.25,5.25,4.869999885559082,4.989999771118164,1387500,0.0,0.0
2020-09-14,5.010000228881836,5.21999979019165,4.960000038146973,5.079999923706055,880700,0.0,0.0
2020-09-15,5.119999885559082,5.340000152587891,5.090000152587891,5.25,780400,0.0,0.0
2020-09-16,5.25,5.349999904632568,5.170000076293945,5.25,601700,0.0,0.0
2020-09-17,5.150000095367432,5.349999904632568,5.150000095367432,5.260000228881836,365100,0.0,0.0
2020-09-18,5.329999923706055,5.5,5.199999809265137,5.5,860400,0.0,0.0
2020-09-21,5.369999885559082,5.440000057220459,5.090000152587891,5.170000076293945,609900,0.0,0.0
2020-09-22,5.179999828338623,5.199999809265137,4.960000038146973,5.119999885559082,456700,0.0,0.0
2020-09-23,5.099999904632568,5.099999904632568,4.949999809265137,5.03000020980835,490700,0.0,0.0
2020-09-24,5.019999980926514,5.03000020980835,4.800000190734863,4.809999942779541,579100,0.0,0.0
2020-09-25,4.820000171661377,5.010000228881836,4.809999942779541,4.949999809265137,243100,0.0,0.0
2020-09-28,4.980000019073486,5.190000057220459,4.96999979019165,5.159999847412109,292500,0.0,0.0
2020-09-29,5.179999828338623,5.260000228881836,5.110000133514404,5.239999771118164,186800,0.0,0.0
2020-09-30,5.21999979019165,5.369999885559082,5.210000038146973,5.269999980926514,231000,0.0,0.0
2020-10-01,5.300000190734863,5.559999942779541,5.269999980926514,5.510000228881836,412100,0.0,0.0
2020-10-02,5.349999904632568,5.389999866485596,5.130000114440918,5.190000057220459,294300,0.0,0.0
2020-10-05,5.269999980926514,5.539999961853027,5.260000228881836,5.53000020980835,272200,0.0,0.0
2020-10-06,5.570000171661377,5.679999828338623,5.449999809265137,5.480000019073486,284300,0.0,0.0
2020-10-07,5.590000152587891,5.699999809265137,5.519999980926514,5.690000057220459,363400,0.0,0.0
2020-10-08,5.78000020980835,5.869999885559082,5.679999828338623,5.760000228881836,283100,0.0,0.0
2020-10-09,5.860000133514404,6.0,5.800000190734863,5.989999771118164,243100,0.0,0.0
2020-10-12,6.0,6.03000020980835,5.820000171661377,5.900000095367432,301500,0.0,0.0
2020-10-13,5.900000095367432,5.920000076293945,5.860000133514404,5.900000095367432,243300,0.0,0.0
2020-10-14,5.960000038146973,6.070000171661377,5.880000114440918,5.909999847412109,183500,0.0,0.0
2020-10-15,5.840000152587891,5.849999904632568,5.699999809265137,5.739999771118164,256300,0.0,0.0
2020-10-16,5.75,5.909999847412109,5.71999979019165,5.829999923706055,250300,0.0,0.0
2020-10-19,5.889999866485596,6.050000190734863,5.829999923706055,5.829999923706055,292400,0.0,0.0
2020-10-20,5.909999847412109,5.909999847412109,5.739999771118164,5.829999923706055,188100,0.0,0.0
2020-10-21,5.849999904632568,5.909999847412109,5.739999771118164,5.820000171661377,172400,0.0,0.0
2020-10-22,5.849999904632568,5.929999828338623,5.71999979019165,5.920000076293945,299000,0.0,0.0
2020-10-23,5.960000038146973,5.960000038146973,5.75,5.880000114440918,305700,0.0,0.0
2020-10-26,5.78000020980835,5.829999923706055,5.710000038146973,5.800000190734863,248800,0.0,0.0
2020-10-27,5.860000133514404,5.860000133514404,5.630000114440918,5.690000057220459,256800,0.0,0.0
2020-10-28,5.579999923706055,5.590000152587891,5.380000114440918,5.449999809265137,539500,0.0,0.0
2020-10-29,5.440000057220459,5.710000038146973,5.400000095367432,5.699999809265137,392700,0.0,0.0
2020-10-30,5.739999771118164,5.75,5.449999809265137,5.539999961853027,605500,0.0,0.0
2020-11-02,5.889999866485596,5.900000095367432,4.920000076293945,5.039999961853027,2836100,0.0,0.0
2020-11-03,4.989999771118164,5.320000171661377,4.96999979019165,5.159999847412109,1007900,0.0,0.0
2020-11-04,5.119999885559082,5.320000171661377,5.099999904632568,5.289999961853027,429100,0.0,0.0
2020-11-05,5.349999904632568,5.550000190734863,5.340000152587891,5.480000019073486,347600,0.0,0.0
2020-11-06,5.449999809265137,5.539999961853027,5.360000133514404,5.409999847412109,347800,0.0,0.0
2020-11-09,5.400000095367432,5.599999904632568,5.210000038146973,5.260000228881836,358200,0.0,0.0
2020-11-10,5.300000190734863,5.460000038146973,5.199999809265137,5.349999904632568,430000,0.0,0.0
2020-11-11,5.409999847412109,5.489999771118164,5.320000171661377,5.369999885559082,404100,0.0,0.0
2020-11-12,5.360000133514404,5.429999828338623,5.170000076293945,5.190000057220459,288800,0.0,0.0
2020-11-13,5.179999828338623,5.21999979019165,5.079999923706055,5.119999885559082,259100,0.0,0.0
2020-11-16,5.159999847412109,5.309999942779541,5.119999885559082,5.21999979019165,385400,0.0,0.0
2020-11-17,5.25,5.25,5.170000076293945,5.210000038146973,204600,0.0,0.0
2020-11-18,5.239999771118164,5.340000152587891,5.210000038146973,5.210000038146973,287100,0.0,0.0
2020-11-19,5.199999809265137,5.519999980926514,5.199999809265137,5.449999809265137,290300,0.0,0.0
2020-11-20,5.409999847412109,5.489999771118164,5.21999979019165,5.239999771118164,358400,0.0,0.0
2020-11-23,5.260000228881836,5.289999961853027,5.079999923706055,5.110000133514404,382300,0.0,0.0
2020-11-24,5.21999979019165,5.269999980926514,4.96999979019165,5.159999847412109,656900,0.0,0.0
2020-11-25,5.159999847412109,5.440000057220459,5.159999847412109,5.420000076293945,356800,0.0,0.0
2020-11-27,5.5,5.539999961853027,5.449999809265137,5.5,200500,0.0,0.0
2020-11-30,5.449999809265137,5.559999942779541,5.300000190734863,5.420000076293945,772900,0.0,0.0
2020-12-01,5.389999866485596,5.440000057220459,5.0,5.090000152587891,561100,0.0,0.0
2020-12-02,5.099999904632568,5.139999866485596,4.829999923706055,5.079999923706055,444400,0.0,0.0
2020-12-03,5.099999904632568,5.239999771118164,5.099999904632568,5.139999866485596,200500,0.0,0.0
2020-12-04,5.170000076293945,5.179999828338623,5.03000020980835,5.110000133514404,204900,0.0,0.0
2020-12-07,5.090000152587891,5.25,5.090000152587891,5.159999847412109,236100,0.0,0.0
2020-12-08,5.110000133514404,5.25,5.099999904632568,5.25,196600,0.0,0.0
2020-12-09,5.210000038146973,5.289999961853027,4.96999979019165,5.070000171661377,397400,0.0,0.0
2020-12-10,5.010000228881836,5.179999828338623,4.989999771118164,5.170000076293945,253600,0.0,0.0
2020-12-11,5.099999904632568,5.190000057220459,5.079999923706055,5.170000076293945,188300,0.0,0.0
2020-12-14,5.179999828338623,5.28000020980835,5.150000095367432,5.21999979019165,290300,0.0,0.0
2020-12-15,5.21999979019165,5.300000190734863,5.179999828338623,5.289999961853027,255700,0.0,0.0
2020-12-16,5.289999961853027,5.360000133514404,5.119999885559082,5.260000228881836,281800,0.0,0.0
2020-12-17,5.260000228881836,5.340000152587891,5.139999866485596,5.190000057220459,306600,0.0,0.0
2020-12-18,5.230000019073486,5.289999961853027,5.150000095367432,5.179999828338623,903300,0.0,0.0
2020-12-21,5.099999904632568,5.429999828338623,5.090000152587891,5.400000095367432,495700,0.0,0.0
2020-12-22,5.400000095367432,5.579999923706055,5.360000133514404,5.570000171661377,381500,0.0,0.0
2020-12-23,5.599999904632568,5.599999904632568,5.300000190734863,5.320000171661377,394600,0.0,0.0
2020-12-24,5.300000190734863,5.309999942779541,5.199999809265137,5.25,165700,0.0,0.0
2020-12-28,5.320000171661377,5.349999904632568,5.159999847412109,5.230000019073486,398600,0.0,0.0
2020-12-29,5.25,5.329999923706055,5.039999961853027,5.059999942779541,398400,0.0,0.0
2020-12-30,5.090000152587891,5.199999809265137,5.059999942779541,5.070000171661377,406800,0.0,0.0
2020-12-31,5.070000171661377,5.099999904632568,4.909999847412109,5.039999961853027,712100,0.0,0.0
2021-01-04,5.070000171661377,5.139999866485596,5.0,5.079999923706055,377600,0.0,0.0
2021-01-05,5.070000171661377,5.150000095367432,5.010000228881836,5.050000190734863,432100,0.0,0.0
2021-01-06,5.130000114440918,5.239999771118164,4.909999847412109,5.050000190734863,1806900,0.0,0.0
2021-01-07,5.119999885559082,5.340000152587891,4.940000057220459,5.289999961853027,887000,0.0,0.0
2021-01-08,5.289999961853027,5.289999961853027,4.849999904632568,5.039999961853027,1195300,0.0,0.0
2021-01-11,5.010000228881836,5.019999980926514,4.769999980926514,4.929999828338623,993800,0.0,0.0
2021-01-12,4.880000114440918,5.03000020980835,4.860000133514404,4.96999979019165,759500,0.0,0.0
2021-01-13,5.0,5.050000190734863,4.909999847412109,5.039999961853027,370100,0.0,0.0
2021-01-14,5.050000190734863,5.21999979019165,5.039999961853027,5.079999923706055,720800,0.0,0.0
2021-01-15,5.050000190734863,6.5,4.920000076293945,5.690000057220459,20501700,0.0,0.0
2021-01-19,5.539999961853027,5.579999923706055,5.150000095367432,5.269999980926514,3012700,0.0,0.0
2021-01-20,5.260000228881836,5.289999961853027,4.96999979019165,5.170000076293945,1798000,0.0,0.0
2021-01-21,5.199999809265137,5.460000038146973,5.019999980926514,5.380000114440918,2138900,0.0,0.0
2021-01-22,5.360000133514404,5.630000114440918,5.130000114440918,5.619999885559082,1377500,0.0,0.0
2021-01-25,5.630000114440918,5.809999942779541,5.449999809265137,5.590000152587891,992600,0.0,0.0
2021-01-26,5.630000114440918,6.150000095367432,5.550000190734863,6.090000152587891,2282400,0.0,0.0
2021-01-27,5.980000019073486,6.809999942779541,5.920000076293945,6.380000114440918,2098600,0.0,0.0
2021-01-28,6.389999866485596,6.650000095367432,6.039999961853027,6.110000133514404,1250600,0.0,0.0
2021-01-29,6.130000114440918,6.320000171661377,6.019999980926514,6.050000190734863,870200,0.0,0.0
2021-02-01,6.050000190734863,6.570000171661377,6.03000020980835,6.429999828338623,765700,0.0,0.0
2021-02-02,6.460000038146973,6.53000020980835,6.159999847412109,6.210000038146973,746900,0.0,0.0
2021-02-03,6.340000152587891,6.769999980926514,6.320000171661377,6.340000152587891,1075000,0.0,0.0
2021-02-04,6.46999979019165,6.820000171661377,6.440000057220459,6.71999979019165,831600,0.0,0.0
2021-02-05,6.75,7.179999828338623,6.730000019073486,6.96999979019165,1224400,0.0,0.0
2021-02-08,7.099999904632568,7.480000019073486,7.0,7.369999885559082,1074100,0.0,0.0
2021-02-09,7.380000114440918,8.109999656677246,7.28000020980835,7.880000114440918,1389600,0.0,0.0
2021-02-10,7.960000038146973,8.079999923706055,7.420000076293945,7.860000133514404,1113000,0.0,0.0
2021-02-11,7.909999847412109,7.960000038146973,7.5,7.739999771118164,849200,0.0,0.0
2021-02-12,7.78000020980835,8.050000190734863,7.610000133514404,7.829999923706055,560700,0.0,0.0
2021-02-16,8.0,8.239999771118164,7.690000057220459,7.829999923706055,946000,0.0,0.0
2021-02-17,7.760000228881836,7.880000114440918,7.579999923706055,7.78000020980835,641700,0.0,0.0
2021-02-18,7.800000190734863,8.039999961853027,7.619999885559082,7.889999866485596,649400,0.0,0.0
2021-02-19,7.909999847412109,8.239999771118164,7.849999904632568,8.170000076293945,774500,0.0,0.0
2021-02-22,8.180000305175781,8.199999809265137,7.829999923706055,7.96999979019165,827000,0.0,0.0
2021-02-23,7.699999809265137,7.849999904632568,7.170000076293945,7.599999904632568,924100,0.0,0.0
2021-02-24,7.650000095367432,7.71999979019165,7.510000228881836,7.519999980926514,365000,0.0,0.0
2021-02-25,7.519999980926514,7.610000133514404,7.039999961853027,7.119999885559082,710500,0.0,0.0
2021-02-26,7.159999847412109,7.25,6.889999866485596,6.960000038146973,643900,0.0,0.0
2021-03-01,7.159999847412109,7.21999979019165,7.010000228881836,7.210000038146973,512200,0.0,0.0
2021-03-02,7.25,7.300000190734863,6.940000057220459,6.980000019073486,394600,0.0,0.0
2021-03-03,6.96999979019165,7.050000190734863,6.579999923706055,6.639999866485596,700100,0.0,0.0
2021-03-04,6.550000190734863,6.659999847412109,6.090000152587891,6.190000057220459,841600,0.0,0.0
2021-03-05,6.199999809265137,6.25,5.599999904632568,6.039999961853027,1635800,0.0,0.0
2021-03-08,6.039999961853027,6.289999961853027,5.849999904632568,5.880000114440918,656400,0.0,0.0
2021-03-09,6.059999942779541,6.300000190734863,5.960000038146973,6.159999847412109,516600,0.0,0.0
2021-03-10,6.230000019073486,6.349999904632568,6.119999885559082,6.190000057220459,431900,0.0,0.0
2021-03-11,6.260000228881836,6.429999828338623,6.190000057220459,6.429999828338623,494500,0.0,0.0
2021-03-12,6.360000133514404,6.46999979019165,6.199999809265137,6.449999809265137,521000,0.0,0.0
2021-03-15,6.5,6.510000228881836,6.230000019073486,6.480000019073486,572800,0.0,0.0
2021-03-16,6.460000038146973,6.570000171661377,5.989999771118164,6.079999923706055,985400,0.0,0.0
2021-03-17,5.920000076293945,6.170000076293945,5.71999979019165,6.130000114440918,1095300,0.0,0.0
2021-03-18,6.0,6.130000114440918,5.889999866485596,5.900000095367432,512000,0.0,0.0
2021-03-19,5.900000095367432,6.119999885559082,5.860000133514404,6.070000171661377,1221000,0.0,0.0
2021-03-22,6.090000152587891,6.21999979019165,5.980000019073486,6.130000114440918,448200,0.0,0.0
2021-03-23,6.079999923706055,6.110000133514404,5.789999961853027,5.829999923706055,601300,0.0,0.0
2021-03-24,6.019999980926514,6.019999980926514,5.360000133514404,5.360000133514404,934100,0.0,0.0
2021-03-25,5.349999904632568,5.409999847412109,5.139999866485596,5.349999904632568,634400,0.0,0.0
2021-03-26,5.329999923706055,5.519999980926514,5.289999961853027,5.400000095367432,577100,0.0,0.0
2021-03-29,5.369999885559082,5.460000038146973,5.239999771118164,5.300000190734863,478900,0.0,0.0
2021-03-30,5.239999771118164,5.409999847412109,5.159999847412109,5.360000133514404,465600,0.0,0.0
2021-03-31,5.429999828338623,5.619999885559082,5.420000076293945,5.570000171661377,657400,0.0,0.0
2021-04-01,5.679999828338623,5.71999979019165,5.5,5.590000152587891,562500,0.0,0.0
2021-04-05,5.679999828338623,5.71999979019165,5.510000228881836,5.579999923706055,505700,0.0,0.0
2021-04-06,5.579999923706055,5.630000114440918,5.420000076293945,5.429999828338623,283100,0.0,0.0
2021-04-07,5.400000095367432,5.420000076293945,5.269999980926514,5.28000020980835,331300,0.0,0.0
2021-04-08,5.340000152587891,5.369999885559082,5.239999771118164,5.309999942779541,285700,0.0,0.0
2021-04-09,5.300000190734863,5.400000095367432,5.230000019073486,5.340000152587891,351200,0.0,0.0
2021-04-12,5.349999904632568,5.349999904632568,5.039999961853027,5.039999961853027,505900,0.0,0.0
2021-04-13,5.079999923706055,5.159999847412109,4.929999828338623,5.099999904632568,523100,0.0,0.0
2021-04-14,5.130000114440918,5.210000038146973,4.980000019073486,4.989999771118164,251400,0.0,0.0
2021-04-15,5.010000228881836,5.059999942779541,4.900000095367432,4.920000076293945,444800,0.0,0.0
2021-04-16,4.920000076293945,5.03000020980835,4.769999980926514,4.949999809265137,714500,0.0,0.0
2021-04-19,4.960000038146973,4.980000019073486,4.679999828338623,4.78000020980835,487500,0.0,0.0
2021-04-20,4.769999980926514,4.849999904632568,4.699999809265137,4.809999942779541,438600,0.0,0.0
2021-04-21,4.820000171661377,4.860000133514404,4.690000057220459,4.809999942779541,462500,0.0,0.0
2021-04-22,4.869999885559082,4.989999771118164,4.809999942779541,4.809999942779541,349100,0.0,0.0
2021-04-23,4.840000152587891,4.96999979019165,4.809999942779541,4.929999828338623,359600,0.0,0.0
2021-04-26,4.980000019073486,5.159999847412109,4.96999979019165,5.130000114440918,263800,0.0,0.0
2021-04-27,5.159999847412109,5.159999847412109,4.929999828338623,4.980000019073486,501200,0.0,0.0
2021-04-28,4.980000019073486,5.0,4.820000171661377,4.849999904632568,576500,0.0,0.0
2021-04-29,4.929999828338623,4.929999828338623,4.71999979019165,4.75,419100,0.0,0.0
2021-04-30,4.699999809265137,4.809999942779541,4.619999885559082,4.659999847412109,553300,0.0,0.0
2021-05-03,4.71999979019165,4.730000019073486,4.619999885559082,4.650000095367432,619500,0.0,0.0
2021-05-04,4.599999904632568,4.630000114440918,4.239999771118164,4.380000114440918,959700,0.0,0.0
2021-05-05,4.460000038146973,4.480000019073486,4.329999923706055,4.440000057220459,388600,0.0,0.0
2021-05-06,4.409999847412109,4.409999847412109,4.239999771118164,4.389999866485596,409900,0.0,0.0
2021-05-07,4.400000095367432,4.480000019073486,4.349999904632568,4.400000095367432,314000,0.0,0.0
2021-05-10,4.380000114440918,4.380000114440918,4.159999847412109,4.199999809265137,554700,0.0,0.0
2021-05-11,4.090000152587891,4.179999828338623,4.039999961853027,4.110000133514404,711600,0.0,0.0
2021-05-12,4.159999847412109,4.170000076293945,4.010000228881836,4.090000152587891,480800,0.0,0.0
2021-05-13,4.090000152587891,4.130000114440918,3.9200000762939453,3.9600000381469727,694600,0.0,0.0
2021-05-14,3.9700000286102295,4.329999923706055,3.9700000286102295,4.260000228881836,629200,0.0,0.0
2021-05-17,4.260000228881836,4.539999961853027,4.21999979019165,4.5,634700,0.0,0.0
2021-05-18,4.550000190734863,4.659999847412109,4.349999904632568,4.360000133514404,524300,0.0,0.0
2021-05-19,4.260000228881836,4.420000076293945,4.21999979019165,4.360000133514404,437900,0.0,0.0
2021-05-20,4.389999866485596,4.460000038146973,4.340000152587891,4.389999866485596,393500,0.0,0.0
2021-05-21,4.449999809265137,4.449999809265137,4.360000133514404,4.360000133514404,215000,0.0,0.0
2021-05-24,4.409999847412109,4.449999809265137,4.340000152587891,4.440000057220459,232900,0.0,0.0
2021-05-25,4.449999809265137,4.480000019073486,4.380000114440918,4.389999866485596,280300,0.0,0.0
2021-05-26,4.389999866485596,4.610000133514404,4.360000133514404,4.570000171661377,276200,0.0,0.0
2021-05-27,4.610000133514404,4.650000095367432,4.489999771118164,4.579999923706055,580200,0.0,0.0
2021-05-28,4.599999904632568,4.610000133514404,4.5,4.579999923706055,471600,0.0,0.0
2021-06-01,4.570000171661377,4.820000171661377,4.539999961853027,4.809999942779541,369800,0.0,0.0
2021-06-02,4.820000171661377,4.940000057220459,4.730000019073486,4.809999942779541,641800,0.0,0.0
2021-06-03,4.809999942779541,4.809999942779541,4.659999847412109,4.760000228881836,398100,0.0,0.0
2021-06-04,4.760000228881836,4.900000095367432,4.699999809265137,4.829999923706055,322900,0.0,0.0
2021-06-07,4.800000190734863,4.909999847412109,4.769999980926514,4.909999847412109,492900,0.0,0.0
2021-06-08,4.900000095367432,4.989999771118164,4.860000133514404,4.96999979019165,282600,0.0,0.0
2021-06-09,4.989999771118164,5.03000020980835,4.960000038146973,5.010000228881836,232200,0.0,0.0
2021-06-10,5.010000228881836,5.039999961853027,4.789999961853027,4.820000171661377,425300,0.0,0.0
2021-06-11,4.809999942779541,4.829999923706055,4.739999771118164,4.739999771118164,259300,0.0,0.0
2021-06-14,4.760000228881836,4.789999961853027,4.519999980926514,4.590000152587891,502400,0.0,0.0
2021-06-15,4.579999923706055,4.610000133514404,4.389999866485596,4.420000076293945,463300,0.0,0.0
2021-06-16,4.389999866485596,4.539999961853027,4.389999866485596,4.46999979019165,434000,0.0,0.0
2021-06-17,4.510000228881836,4.71999979019165,4.460000038146973,4.670000076293945,527500,0.0,0.0
2021-06-18,4.630000114440918,4.840000152587891,4.550000190734863,4.590000152587891,2488900,0.0,0.0
2021-06-21,4.610000133514404,4.610000133514404,4.46999979019165,4.480000019073486,591200,0.0,0.0
2021-06-22,4.440000057220459,4.579999923706055,4.420000076293945,4.550000190734863,498700,0.0,0.0
2021-06-23,4.550000190734863,4.650000095367432,4.510000228881836,4.519999980926514,287900,0.0,0.0
2021-06-24,4.53000020980835,4.639999866485596,4.53000020980835,4.619999885559082,267900,0.0,0.0
2021-06-25,4.630000114440918,4.639999866485596,4.53000020980835,4.53000020980835,1547700,0.0,0.0
2021-06-28,4.510000228881836,4.599999904632568,4.440000057220459,4.550000190734863,427800,0.0,0.0
2021-06-29,4.579999923706055,4.670000076293945,4.46999979019165,4.5,245200,0.0,0.0
2021-06-30,4.550000190734863,4.550000190734863,4.269999980926514,4.269999980926514,374100,0.0,0.0
2021-07-01,4.300000190734863,4.309999942779541,4.199999809265137,4.25,284800,0.0,0.0
2021-07-02,4.199999809265137,4.28000020980835,4.159999847412109,4.179999828338623,288100,0.0,0.0
2021-07-06,4.170000076293945,4.190000057220459,4.090000152587891,4.170000076293945,323800,0.0,0.0
2021-07-07,4.139999866485596,4.210000038146973,4.03000020980835,4.039999961853027,334500,0.0,0.0
2021-07-08,4.0,4.079999923706055,3.930000066757202,3.990000009536743,327700,0.0,0.0
2021-07-09,4.010000228881836,4.070000171661377,3.940000057220459,4.010000228881836,371800,0.0,0.0
2021-07-12,4.03000020980835,4.03000020980835,3.9000000953674316,3.9700000286102295,179700,0.0,0.0
2021-07-13,3.9700000286102295,4.099999904632568,3.930000066757202,4.019999980926514,348200,0.0,0.0
2021-07-14,4.059999942779541,4.090000152587891,3.940000057220459,3.9700000286102295,450500,0.0,0.0
2021-07-15,3.9600000381469727,3.9800000190734863,3.880000114440918,3.9600000381469727,437400,0.0,0.0
2021-07-16,3.9800000190734863,4.019999980926514,3.940000057220459,3.9600000381469727,321200,0.0,0.0
2021-07-19,3.890000104904175,3.930000066757202,3.809999942779541,3.9000000953674316,426600,0.0,0.0
2021-07-20,3.890000104904175,4.079999923706055,3.859999895095825,3.9800000190734863,329100,0.0,0.0
2021-07-21,4.0,4.119999885559082,3.9800000190734863,4.110000133514404,179900,0.0,0.0
2021-07-22,4.110000133514404,4.150000095367432,4.050000190734863,4.050000190734863,221500,0.0,0.0
2021-07-23,4.050000190734863,4.070000171661377,4.010000228881836,4.019999980926514,158000,0.0,0.0
2021-07-26,4.039999961853027,4.059999942779541,3.9200000762939453,3.9700000286102295,270800,0.0,0.0
2021-07-27,3.950000047683716,3.9700000286102295,3.869999885559082,3.940000057220459,221600,0.0,0.0
2021-07-28,3.950000047683716,4.099999904632568,3.950000047683716,4.070000171661377,202800,0.0,0.0
2021-07-29,4.070000171661377,4.199999809265137,4.070000171661377,4.190000057220459,216800,0.0,0.0
2021-07-30,4.159999847412109,4.25,4.070000171661377,4.099999904632568,227900,0.0,0.0
2021-08-02,4.130000114440918,4.210000038146973,4.070000171661377,4.159999847412109,215600,0.0,0.0
2021-08-03,4.139999866485596,4.159999847412109,3.950000047683716,3.9800000190734863,259200,0.0,0.0
2021-08-04,3.9200000762939453,4.090000152587891,3.9000000953674316,4.019999980926514,196300,0.0,0.0
2021-08-05,4.0,4.190000057220459,3.9700000286102295,4.130000114440918,164600,0.0,0.0
2021-08-06,4.139999866485596,4.309999942779541,3.700000047683716,4.130000114440918,898000,0.0,0.0
2021-08-09,4.099999904632568,4.199999809265137,3.9100000858306885,3.9800000190734863,262200,0.0,0.0
2021-08-10,3.9600000381469727,4.010000228881836,3.9200000762939453,3.9800000190734863,195100,0.0,0.0
2021-08-11,3.940000057220459,4.039999961853027,3.859999895095825,4.0,289000,0.0,0.0
2021-08-12,3.9600000381469727,4.0,3.940000057220459,3.9800000190734863,125400,0.0,0.0
2021-08-13,3.950000047683716,3.9800000190734863,3.9000000953674316,3.9000000953674316,234600,0.0,0.0
2021-08-16,3.9000000953674316,3.9000000953674316,3.7799999713897705,3.819999933242798,374400,0.0,0.0
2021-08-17,3.809999942779541,3.8399999141693115,3.5,3.5399999618530273,532600,0.0,0.0
2021-08-18,3.5399999618530273,3.630000114440918,3.359999895095825,3.549999952316284,524400,0.0,0.0
2021-08-19,3.5,3.6700000762939453,3.4700000286102295,3.569999933242798,677800,0.0,0.0
2021-08-20,3.7899999618530273,4.099999904632568,3.7100000381469727,3.990000009536743,1487800,0.0,0.0
2021-08-23,4.019999980926514,4.199999809265137,3.9700000286102295,4.179999828338623,440200,0.0,0.0
2021-08-24,4.190000057220459,4.300000190734863,4.190000057220459,4.269999980926514,239700,0.0,0.0
2021-08-25,4.300000190734863,4.489999771118164,4.260000228881836,4.440000057220459,471500,0.0,0.0
2021-08-26,4.429999828338623,4.5,4.300000190734863,4.349999904632568,284200,0.0,0.0
2021-08-27,4.340000152587891,4.429999828338623,4.340000152587891,4.409999847412109,356300,0.0,0.0
2021-08-30,4.380000114440918,4.420000076293945,4.269999980926514,4.269999980926514,195800,0.0,0.0
2021-08-31,4.170000076293945,4.489999771118164,4.170000076293945,4.489999771118164,580300,0.0,0.0
2021-09-01,4.489999771118164,4.53000020980835,4.409999847412109,4.429999828338623,188300,0.0,0.0
2021-09-02,4.46999979019165,4.510000228881836,4.389999866485596,4.440000057220459,228300,0.0,0.0
2021-09-03,4.429999828338623,4.5,4.389999866485596,4.46999979019165,208300,0.0,0.0
2021-09-07,4.460000038146973,4.5,4.349999904632568,4.420000076293945,178600,0.0,0.0
2021-09-08,4.380000114440918,4.400000095367432,4.170000076293945,4.190000057220459,207100,0.0,0.0
2021-09-09,4.130000114440918,4.230000019073486,4.090000152587891,4.190000057220459,186700,0.0,0.0
2021-09-10,4.190000057220459,4.239999771118164,4.059999942779541,4.090000152587891,221200,0.0,0.0
2021-09-13,4.159999847412109,4.239999771118164,4.070000171661377,4.179999828338623,223200,0.0,0.0
2021-09-14,4.179999828338623,4.21999979019165,4.03000020980835,4.059999942779541,174900,0.0,0.0
2021-09-15,4.03000020980835,4.150000095367432,3.930000066757202,4.119999885559082,278200,0.0,0.0
2021-09-16,4.139999866485596,4.210000038146973,4.070000171661377,4.179999828338623,154200,0.0,0.0
2021-09-17,4.21999979019165,4.25,4.099999904632568,4.239999771118164,809900,0.0,0.0
2021-09-20,4.099999904632568,4.199999809265137,4.050000190734863,4.190000057220459,245300,0.0,0.0
2021-09-21,4.190000057220459,4.21999979019165,4.090000152587891,4.099999904632568,154400,0.0,0.0
2021-09-22,4.119999885559082,4.179999828338623,4.03000020980835,4.110000133514404,293700,0.0,0.0
2021-09-23,4.099999904632568,4.210000038146973,4.050000190734863,4.190000057220459,174400,0.0,0.0
2021-09-24,4.110000133514404,4.190000057220459,4.070000171661377,4.159999847412109,125500,0.0,0.0
2021-09-27,4.130000114440918,4.21999979019165,4.099999904632568,4.159999847412109,170900,0.0,0.0
2021-09-28,4.139999866485596,4.139999866485596,3.9000000953674316,3.9000000953674316,261100,0.0,0.0
2021-09-29,3.890000104904175,3.950000047683716,3.8499999046325684,3.9200000762939453,214100,0.0,0.0
2021-09-30,3.9000000953674316,3.950000047683716,3.8499999046325684,3.9200000762939453,154000,0.0,0.0
2021-10-01,3.930000066757202,4.039999961853027,3.859999895095825,4.010000228881836,131500,0.0,0.0
2021-10-04,3.9600000381469727,4.0,3.880000114440918,3.930000066757202,204500,0.0,0.0
2021-10-05,3.950000047683716,3.9600000381469727,3.869999885559082,3.9000000953674316,131100,0.0,0.0
2021-10-06,3.8399999141693115,3.990000009536743,3.819999933242798,3.9700000286102295,186200,0.0,0.0
2021-10-07,3.9800000190734863,4.03000020980835,3.940000057220459,3.940000057220459,180700,0.0,0.0
2021-10-08,3.940000057220459,3.940000057220459,3.859999895095825,3.890000104904175,122200,0.0,0.0
2021-10-11,3.890000104904175,3.940000057220459,3.869999885559082,3.869999885559082,102700,0.0,0.0
2021-10-12,3.880000114440918,4.0,3.8499999046325684,3.9100000858306885,138700,0.0,0.0
2021-10-13,3.890000104904175,3.990000009536743,3.890000104904175,3.9700000286102295,142800,0.0,0.0
2021-10-14,3.9800000190734863,4.070000171661377,3.9800000190734863,4.059999942779541,157000,0.0,0.0
2021-10-15,4.130000114440918,4.139999866485596,3.9000000953674316,3.950000047683716,329000,0.0,0.0
2021-10-18,3.940000057220459,3.990000009536743,3.890000104904175,3.9100000858306885,128000,0.0,0.0
2021-10-19,3.940000057220459,3.990000009536743,3.880000114440918,3.950000047683716,110900,0.0,0.0
2021-10-20,3.9700000286102295,4.0,3.930000066757202,3.9700000286102295,148300,0.0,0.0
2021-10-21,3.940000057220459,4.039999961853027,3.880000114440918,3.930000066757202,164100,0.0,0.0
2021-10-22,3.9000000953674316,3.940000057220459,3.809999942779541,3.8299999237060547,174900,0.0,0.0
2021-10-25,3.8299999237060547,3.930000066757202,3.819999933242798,3.869999885559082,205500,0.0,0.0
2021-10-26,3.859999895095825,3.940000057220459,3.819999933242798,3.8399999141693115,176200,0.0,0.0
2021-10-27,3.8299999237060547,3.9000000953674316,3.6600000858306885,3.740000009536743,222600,0.0,0.0
2021-10-28,3.75,3.819999933242798,3.7200000286102295,3.740000009536743,151700,0.0,0.0
2021-10-29,3.7100000381469727,3.8499999046325684,3.6500000953674316,3.8499999046325684,336200,0.0,0.0
2021-11-01,3.8499999046325684,3.9700000286102295,3.8499999046325684,3.9600000381469727,211400,0.0,0.0
2021-11-02,3.9800000190734863,4.0,3.890000104904175,4.0,202800,0.0,0.0
2021-11-03,4.0,4.369999885559082,3.9200000762939453,4.289999961853027,459000,0.0,0.0
2021-11-04,4.239999771118164,4.329999923706055,4.21999979019165,4.269999980926514,184300,0.0,0.0
2021-11-05,4.329999923706055,4.380000114440918,4.25,4.360000133514404,310900,0.0,0.0
2021-11-08,4.389999866485596,4.449999809265137,4.320000171661377,4.329999923706055,196200,0.0,0.0
2021-11-09,4.289999961853027,4.320000171661377,4.21999979019165,4.25,188200,0.0,0.0
2021-11-10,4.239999771118164,4.349999904632568,4.130000114440918,4.179999828338623,156400,0.0,0.0
2021-11-11,4.190000057220459,4.269999980926514,4.159999847412109,4.190000057220459,139000,0.0,0.0
2021-11-12,4.230000019073486,4.230000019073486,4.019999980926514,4.130000114440918,439800,0.0,0.0
2021-11-15,4.119999885559082,4.119999885559082,3.940000057220459,4.039999961853027,173000,0.0,0.0
2021-11-16,4.010000228881836,4.039999961853027,3.950000047683716,4.010000228881836,195200,0.0,0.0
2021-11-17,3.9600000381469727,3.9800000190734863,3.819999933242798,3.869999885559082,210600,0.0,0.0
2021-11-18,3.8299999237060547,3.869999885559082,3.7300000190734863,3.819999933242798,221100,0.0,0.0
2021-11-19,3.7899999618530273,3.880000114440918,3.75,3.75,134900,0.0,0.0
2021-11-22,3.7699999809265137,3.799999952316284,3.009999990463257,3.059999942779541,1562500,0.0,0.0
2021-11-23,3.069999933242798,3.0899999141693115,2.7200000286102295,2.9600000381469727,910100,0.0,0.0
2021-11-24,2.9700000286102295,2.9700000286102295,2.799999952316284,2.819999933242798,573000,0.0,0.0
2021-11-26,2.8499999046325684,2.8499999046325684,2.5999999046325684,2.690000057220459,833900,0.0,0.0
2021-11-29,2.8299999237060547,2.8399999141693115,2.6500000953674316,2.7100000381469727,1030600,0.0,0.0
2021-11-30,2.75,3.240000009536743,2.7200000286102295,3.0,2569000,0.0,0.0
2021-12-01,3.049999952316284,3.049999952316284,2.740000009536743,2.740000009536743,444800,0.0,0.0
2021-12-02,2.740000009536743,2.809999942779541,2.5999999046325684,2.680000066757202,898400,0.0,0.0
2021-12-03,2.690000057220459,2.7300000190734863,2.5799999237060547,2.690000057220459,412300,0.0,0.0
2021-12-06,2.6700000762939453,2.75,2.5799999237060547,2.7300000190734863,424000,0.0,0.0
2021-12-07,2.759999990463257,2.880000114440918,2.759999990463257,2.759999990463257,319900,0.0,0.0
2021-12-08,2.759999990463257,2.990000009536743,2.759999990463257,2.9600000381469727,296300,0.0,0.0
2021-12-09,2.990000009536743,2.990000009536743,2.7100000381469727,2.7100000381469727,271900,0.0,0.0
2021-12-10,2.740000009536743,2.799999952316284,2.6500000953674316,2.690000057220459,303000,0.0,0.0
2021-12-13,2.619999885559082,2.9200000762939453,2.619999885559082,2.880000114440918,564300,0.0,0.0
2021-12-14,2.7899999618530273,2.930000066757202,2.7799999713897705,2.880000114440918,346600,0.0,0.0
2021-12-15,2.859999895095825,2.940000057220459,2.680000066757202,2.869999885559082,512600,0.0,0.0
2021-12-16,2.8499999046325684,2.930000066757202,2.700000047683716,2.700000047683716,420900,0.0,0.0
2021-12-17,2.7200000286102295,3.009999990463257,2.6700000762939453,3.0,2389600,0.0,0.0
2021-12-20,2.890000104904175,3.0,2.759999990463257,2.869999885559082,660600,0.0,0.0
2021-12-21,2.8299999237060547,2.950000047683716,2.7899999618530273,2.890000104904175,536600,0.0,0.0
2021-12-22,2.9100000858306885,2.9800000190734863,2.859999895095825,2.9100000858306885,311300,0.0,0.0
2021-12-23,2.859999895095825,2.940000057220459,2.819999933242798,2.880000114440918,328700,0.0,0.0
2021-12-27,2.880000114440918,2.9000000953674316,2.759999990463257,2.7899999618530273,426300,0.0,0.0
2021-12-28,2.75,2.8299999237060547,2.7200000286102295,2.7200000286102295,343100,0.0,0.0
2021-12-29,2.7100000381469727,2.75,2.5999999046325684,2.6500000953674316,597400,0.0,0.0
2021-12-30,2.6500000953674316,2.809999942779541,2.619999885559082,2.690000057220459,649800,0.0,0.0
2021-12-31,2.690000057220459,2.809999942779541,2.559999942779541,2.5999999046325684,526600,0.0,0.0
2022-01-03,2.5999999046325684,2.7100000381469727,2.5299999713897705,2.680000066757202,433900,0.0,0.0
2022-01-04,2.640000104904175,2.6600000858306885,2.5,2.5799999237060547,476700,0.0,0.0
2022-01-05,2.569999933242798,2.619999885559082,2.490000009536743,2.5199999809265137,431200,0.0,0.0
2022-01-06,2.490000009536743,2.5899999141693115,2.4700000286102295,2.490000009536743,489600,0.0,0.0
2022-01-07,2.490000009536743,2.619999885559082,2.4700000286102295,2.559999942779541,266600,0.0,0.0
2022-01-10,2.5299999713897705,2.640000104904175,2.4700000286102295,2.619999885559082,314000,0.0,0.0
2022-01-11,2.630000114440918,2.740000009536743,2.5799999237060547,2.690000057220459,533100,0.0,0.0
2022-01-12,2.690000057220459,2.740000009536743,2.5999999046325684,2.609999895095825,368400,0.0,0.0
2022-01-13,2.5799999237060547,2.6600000858306885,2.549999952316284,2.5799999237060547,245900,0.0,0.0
2022-01-14,2.5799999237060547,2.5899999141693115,2.2899999618530273,2.440000057220459,672100,0.0,0.0
2022-01-18,2.4800000190734863,2.4800000190734863,2.3499999046325684,2.359999895095825,298700,0.0,0.0
2022-01-19,2.390000104904175,2.4000000953674316,2.259999990463257,2.2699999809265137,455700,0.0,0.0
2022-01-20,2.299999952316284,2.4100000858306885,2.1500000953674316,2.1600000858306885,444200,0.0,0.0
2022-01-21,2.140000104904175,2.2799999713897705,2.069999933242798,2.2200000286102295,786400,0.0,0.0
2022-01-24,2.200000047683716,2.2699999809265137,2.069999933242798,2.240000009536743,545900,0.0,0.0
2022-01-25,2.1600000858306885,2.2799999713897705,2.0999999046325684,2.180000066757202,479700,0.0,0.0
2022-01-26,2.2300000190734863,2.2799999713897705,2.119999885559082,2.1500000953674316,228600,0.0,0.0
2022-01-27,2.1500000953674316,2.1600000858306885,2.0399999618530273,2.0799999237060547,348600,0.0,0.0
2022-01-28,2.059999942779541,2.140000104904175,1.9800000190734863,2.0799999237060547,546800,0.0,0.0
2022-01-31,2.009999990463257,2.259999990463257,2.0,2.259999990463257,485600,0.0,0.0
2022-02-01,2.25,2.2799999713897705,2.180000066757202,2.259999990463257,232500,0.0,0.0
2022-02-02,2.2699999809265137,2.2699999809265137,2.059999942779541,2.0799999237060547,204900,0.0,0.0
2022-02-03,2.0799999237060547,2.0999999046325684,1.9800000190734863,1.9900000095367432,304100,0.0,0.0
2022-02-04,1.9800000190734863,2.0899999141693115,1.9700000286102295,2.059999942779541,249100,0.0,0.0
2022-02-07,2.0399999618530273,2.140000104904175,2.0299999713897705,2.0299999713897705,182700,0.0,0.0
2022-02-08,2.059999942779541,2.0799999237060547,1.9800000190734863,2.0399999618530273,405400,0.0,0.0
2022-02-09,2.049999952316284,2.109999895095825,2.0299999713897705,2.0399999618530273,283000,0.0,0.0
2022-02-10,2.0299999713897705,2.130000114440918,2.009999990463257,2.059999942779541,303500,0.0,0.0
2022-02-11,2.049999952316284,2.119999885559082,1.9700000286102295,1.9800000190734863,349600,0.0,0.0
2022-02-14,1.9700000286102295,2.009999990463257,1.8899999856948853,1.899999976158142,284500,0.0,0.0
2022-02-15,1.9600000381469727,1.9900000095367432,1.9199999570846558,1.940000057220459,295000,0.0,0.0
2022-02-16,1.9199999570846558,1.9800000190734863,1.8799999952316284,1.9299999475479126,295800,0.0,0.0
2022-02-17,1.8899999856948853,1.9199999570846558,1.809999942779541,1.8300000429153442,422500,0.0,0.0
2022-02-18,1.7999999523162842,1.8300000429153442,1.7400000095367432,1.7699999809265137,367900,0.0,0.0
2022-02-22,1.9299999475479126,1.9299999475479126,1.7599999904632568,1.7699999809265137,359500,0.0,0.0
2022-02-23,1.7599999904632568,1.7899999618530273,1.6699999570846558,1.6799999475479126,285100,0.0,0.0
2022-02-24,1.6299999952316284,1.8799999952316284,1.600000023841858,1.8600000143051147,464900,0.0,0.0
2022-02-25,1.8600000143051147,1.8899999856948853,1.7899999618530273,1.8300000429153442,316000,0.0,0.0
